wavelength	depth	depth_err
3.300000e-01	2.231672e-02	3.447800e-04
3.825000e-01	2.176735e-02	3.199200e-04
4.032000e-01	2.152443e-02	2.539000e-04
4.182000e-01	2.212079e-02	2.896300e-04
4.325000e-01	2.161093e-02	2.539200e-04
4.450000e-01	2.160637e-02	2.404500e-04
4.550000e-01	2.158240e-02	2.188400e-04
4.650000e-01	2.137442e-02	2.121300e-04
4.750000e-01	2.136859e-02	1.897800e-04
4.850000e-01	2.113181e-02	1.931000e-04
4.950000e-01	2.146788e-02	1.966900e-04
5.013171e-01	2.150109e-02	0.000000e+00
5.023197e-01	2.150467e-02	0.000000e+00
5.033244e-01	2.150949e-02	0.000000e+00
5.043310e-01	2.151072e-02	0.000000e+00
5.050000e-01	2.099328e-02	1.931600e-04
5.053397e-01	2.151051e-02	0.000000e+00
5.063504e-01	2.151133e-02	0.000000e+00
5.073631e-01	2.151230e-02	0.000000e+00
5.083778e-01	2.151264e-02	0.000000e+00
5.093946e-01	2.151261e-02	0.000000e+00
5.104133e-01	2.151280e-02	0.000000e+00
5.114342e-01	2.151322e-02	0.000000e+00
5.124570e-01	2.151345e-02	0.000000e+00
5.134820e-01	2.151369e-02	0.000000e+00
5.145089e-01	2.151388e-02	0.000000e+00
5.150000e-01	2.116260e-02	1.932700e-04
5.155379e-01	2.151398e-02	0.000000e+00
5.165690e-01	2.151437e-02	0.000000e+00
5.176021e-01	2.151458e-02	0.000000e+00
5.186374e-01	2.151499e-02	0.000000e+00
5.196746e-01	2.151535e-02	0.000000e+00
5.207140e-01	2.151578e-02	0.000000e+00
5.217554e-01	2.151628e-02	0.000000e+00
5.227989e-01	2.151677e-02	0.000000e+00
5.238445e-01	2.151733e-02	0.000000e+00
5.248922e-01	2.151785e-02	0.000000e+00
5.250000e-01	2.144326e-02	2.137300e-04
5.259420e-01	2.151843e-02	0.000000e+00
5.269939e-01	2.151898e-02	0.000000e+00
5.280479e-01	2.151959e-02	0.000000e+00
5.291040e-01	2.152013e-02	0.000000e+00
5.301622e-01	2.152073e-02	0.000000e+00
5.312225e-01	2.152132e-02	0.000000e+00
5.314609e-01	2.149743e-02	1.996055e-04
5.322849e-01	2.152187e-02	0.000000e+00
5.333495e-01	2.152244e-02	0.000000e+00
5.344162e-01	2.152303e-02	0.000000e+00
5.350000e-01	2.107100e-02	1.968100e-04
5.354850e-01	2.152365e-02	0.000000e+00
5.365560e-01	2.152425e-02	0.000000e+00
5.376291e-01	2.152495e-02	0.000000e+00
5.387044e-01	2.152558e-02	0.000000e+00
5.391212e-01	2.162450e-02	1.881124e-04
5.397818e-01	2.152640e-02	0.000000e+00
5.408613e-01	2.152779e-02	0.000000e+00
5.419431e-01	2.152790e-02	0.000000e+00
5.430270e-01	2.152849e-02	0.000000e+00
5.441130e-01	2.152927e-02	0.000000e+00
5.450000e-01	2.094190e-02	2.110400e-04
5.452012e-01	2.152983e-02	0.000000e+00
5.454837e-01	2.149103e-02	1.552259e-04
5.462916e-01	2.153099e-02	0.000000e+00
5.473842e-01	2.153156e-02	0.000000e+00
5.484790e-01	2.153227e-02	0.000000e+00
5.495759e-01	2.153309e-02	0.000000e+00
5.504152e-01	2.170079e-02	1.929228e-04
5.506751e-01	2.153401e-02	0.000000e+00
5.517764e-01	2.153479e-02	0.000000e+00
5.528800e-01	2.153564e-02	0.000000e+00
5.537641e-01	2.163535e-02	1.750301e-04
5.539858e-01	2.153654e-02	0.000000e+00
5.550000e-01	2.165304e-02	2.575900e-04
5.550937e-01	2.153758e-02	0.000000e+00
5.562039e-01	2.153863e-02	0.000000e+00
5.571745e-01	2.125860e-02	1.617129e-04
5.573163e-01	2.153972e-02	0.000000e+00
5.575000e-01	2.135908e-02	2.200000e-04
5.584310e-01	2.154089e-02	0.000000e+00
5.595478e-01	2.154215e-02	0.000000e+00
5.606591e-01	2.149215e-02	1.523096e-04
5.606669e-01	2.154351e-02	0.000000e+00
5.617883e-01	2.154497e-02	0.000000e+00
5.629118e-01	2.154651e-02	0.000000e+00
5.640377e-01	2.154811e-02	0.000000e+00
5.641997e-01	2.148505e-02	1.460561e-04
5.650000e-01	2.152443e-02	2.509800e-04
5.651657e-01	2.154985e-02	0.000000e+00
5.662961e-01	2.155191e-02	0.000000e+00
5.674286e-01	2.155432e-02	0.000000e+00
5.677970e-01	2.194499e-02	1.378861e-04
5.685635e-01	2.155758e-02	0.000000e+00
5.697006e-01	2.155919e-02	0.000000e+00
5.708400e-01	2.156145e-02	0.000000e+00
5.714733e-01	2.159044e-02	1.297231e-04
5.719817e-01	2.156466e-02	0.000000e+00
5.731257e-01	2.156800e-02	0.000000e+00
5.742719e-01	2.157189e-02	0.000000e+00
5.752244e-01	2.155753e-02	1.229660e-04
5.754205e-01	2.157584e-02	0.000000e+00
5.764000e-01	2.149848e-02	1.439500e-04
5.765713e-01	2.158056e-02	0.000000e+00
5.777245e-01	2.158584e-02	0.000000e+00
5.788799e-01	2.159169e-02	0.000000e+00
5.790371e-01	2.138310e-02	1.162571e-04
5.800377e-01	2.159896e-02	0.000000e+00
5.811977e-01	2.160730e-02	0.000000e+00
5.823601e-01	2.161634e-02	0.000000e+00
5.829161e-01	2.169326e-02	1.127973e-04
5.835249e-01	2.162730e-02	0.000000e+00
5.846919e-01	2.164145e-02	0.000000e+00
5.858613e-01	2.167059e-02	0.000000e+00
5.868808e-01	2.167849e-02	1.097668e-04
5.870330e-01	2.173659e-02	0.000000e+00
5.882071e-01	2.200239e-02	0.000000e+00
5.893000e-01	2.269012e-02	3.732800e-04
5.893835e-01	2.297726e-02	0.000000e+00
5.905623e-01	2.201035e-02	0.000000e+00
5.909325e-01	2.215351e-02	1.075700e-04
5.917434e-01	2.174012e-02	0.000000e+00
5.929269e-01	2.166667e-02	0.000000e+00
5.941127e-01	2.163533e-02	0.000000e+00
5.950570e-01	2.175600e-02	8.319433e-05
5.953010e-01	2.161591e-02	0.000000e+00
5.964916e-01	2.160053e-02	0.000000e+00
5.976845e-01	2.158786e-02	0.000000e+00
5.988799e-01	2.157643e-02	0.000000e+00
5.989000e-01	2.148179e-02	1.696400e-04
5.992620e-01	2.180641e-02	9.922975e-05
6.000777e-01	2.156688e-02	0.000000e+00
6.012778e-01	2.155840e-02	0.000000e+00
6.024804e-01	2.155000e-02	0.000000e+00
6.035500e-01	2.163374e-02	9.823054e-05
6.036853e-01	2.154285e-02	0.000000e+00
6.048927e-01	2.153616e-02	0.000000e+00
6.061025e-01	2.153010e-02	0.000000e+00
6.073147e-01	2.152446e-02	0.000000e+00
6.079242e-01	2.146726e-02	9.402861e-05
6.085293e-01	2.151934e-02	0.000000e+00
6.097464e-01	2.151449e-02	0.000000e+00
6.109659e-01	2.150954e-02	0.000000e+00
6.121878e-01	2.150514e-02	0.000000e+00
6.123921e-01	2.136605e-02	9.189444e-05
6.134122e-01	2.150102e-02	0.000000e+00
6.146390e-01	2.149703e-02	0.000000e+00
6.158683e-01	2.149306e-02	0.000000e+00
6.169594e-01	2.136311e-02	9.165396e-05
6.171000e-01	2.148947e-02	0.000000e+00
6.183342e-01	2.148579e-02	0.000000e+00
6.185000e-01	2.140545e-02	1.766900e-04
6.195709e-01	2.148224e-02	0.000000e+00
6.208100e-01	2.147896e-02	0.000000e+00
6.216234e-01	2.138635e-02	8.852258e-05
6.220517e-01	2.147566e-02	0.000000e+00
6.232958e-01	2.147249e-02	0.000000e+00
6.245423e-01	2.146966e-02	0.000000e+00
6.257914e-01	2.146701e-02	0.000000e+00
6.263856e-01	2.143098e-02	8.579976e-05
6.270430e-01	2.146446e-02	0.000000e+00
6.282971e-01	2.146089e-02	0.000000e+00
6.295537e-01	2.145763e-02	0.000000e+00
6.308128e-01	2.145470e-02	0.000000e+00
6.312501e-01	2.142808e-02	8.342526e-05
6.320744e-01	2.145256e-02	0.000000e+00
6.333386e-01	2.144971e-02	0.000000e+00
6.346053e-01	2.144668e-02	0.000000e+00
6.358745e-01	2.144404e-02	0.000000e+00
6.362201e-01	2.129813e-02	8.111069e-05
6.371462e-01	2.144156e-02	0.000000e+00
6.375000e-01	2.115955e-02	2.113500e-04
6.384205e-01	2.143947e-02	0.000000e+00
6.396973e-01	2.143704e-02	0.000000e+00
6.409767e-01	2.143413e-02	0.000000e+00
6.412992e-01	2.110754e-02	7.897352e-05
6.422587e-01	2.143190e-02	0.000000e+00
6.435432e-01	2.142999e-02	0.000000e+00
6.448303e-01	2.143042e-02	0.000000e+00
6.461200e-01	2.143417e-02	0.000000e+00
6.464908e-01	2.120057e-02	7.682713e-05
6.474122e-01	2.143146e-02	0.000000e+00
6.487070e-01	2.142606e-02	0.000000e+00
6.500044e-01	2.142106e-02	0.000000e+00
6.513044e-01	2.141988e-02	0.000000e+00
6.517986e-01	2.111270e-02	7.464151e-05
6.525000e-01	2.123032e-02	2.686000e-04
6.526071e-01	2.141911e-02	0.000000e+00
6.539123e-01	2.141277e-02	0.000000e+00
6.552201e-01	2.141344e-02	0.000000e+00
6.565305e-01	2.141169e-02	0.000000e+00
6.572249e-01	2.124362e-02	7.257304e-05
6.578436e-01	2.140936e-02	0.000000e+00
6.591593e-01	2.140624e-02	0.000000e+00
6.604776e-01	2.140281e-02	0.000000e+00
6.617986e-01	2.140026e-02	0.000000e+00
6.627813e-01	2.128413e-02	7.209637e-05
6.631222e-01	2.139888e-02	0.000000e+00
6.644484e-01	2.139517e-02	0.000000e+00
6.657773e-01	2.139237e-02	0.000000e+00
6.671089e-01	2.138891e-02	0.000000e+00
6.684431e-01	2.138667e-02	0.000000e+00
6.684718e-01	2.109518e-02	6.661067e-05
6.697800e-01	2.138387e-02	0.000000e+00
6.700000e-01	2.081739e-02	2.424700e-04
6.711195e-01	2.138074e-02	0.000000e+00
6.724618e-01	2.137826e-02	0.000000e+00
6.738067e-01	2.137560e-02	0.000000e+00
6.742926e-01	2.121515e-02	6.919580e-05
6.751543e-01	2.137355e-02	0.000000e+00
6.765046e-01	2.137150e-02	0.000000e+00
6.778576e-01	2.136972e-02	0.000000e+00
6.792133e-01	2.136759e-02	0.000000e+00
6.802491e-01	2.114579e-02	6.982283e-05
6.805718e-01	2.136573e-02	0.000000e+00
6.819329e-01	2.136430e-02	0.000000e+00
6.832968e-01	2.136236e-02	0.000000e+00
6.846634e-01	2.136098e-02	0.000000e+00
6.860327e-01	2.135913e-02	0.000000e+00
6.863419e-01	2.131424e-02	6.042320e-05
6.874047e-01	2.135852e-02	0.000000e+00
6.887796e-01	2.135797e-02	0.000000e+00
6.901571e-01	2.136286e-02	0.000000e+00
6.915374e-01	2.137541e-02	0.000000e+00
6.925838e-01	2.126620e-02	7.083540e-05
6.929205e-01	2.139953e-02	0.000000e+00
6.943063e-01	2.137623e-02	0.000000e+00
6.950000e-01	2.090694e-02	1.469400e-04
6.956950e-01	2.137130e-02	0.000000e+00
6.970863e-01	2.136175e-02	0.000000e+00
6.984805e-01	2.136280e-02	0.000000e+00
6.989864e-01	2.117013e-02	6.828228e-05
6.998775e-01	2.136504e-02	0.000000e+00
7.012772e-01	2.136913e-02	0.000000e+00
7.026798e-01	2.137126e-02	0.000000e+00
7.040852e-01	2.136348e-02	0.000000e+00
7.054933e-01	2.136339e-02	0.000000e+00
7.055415e-01	2.148886e-02	6.945343e-05
7.069043e-01	2.136773e-02	0.000000e+00
7.083181e-01	2.136141e-02	0.000000e+00
7.097348e-01	2.136680e-02	0.000000e+00
7.111542e-01	2.136495e-02	0.000000e+00
7.122532e-01	2.116458e-02	6.625022e-05
7.125765e-01	2.136943e-02	0.000000e+00
7.140017e-01	2.136769e-02	0.000000e+00
7.154297e-01	2.138415e-02	0.000000e+00
7.168605e-01	2.146100e-02	0.000000e+00
7.182943e-01	2.142855e-02	0.000000e+00
7.191423e-01	2.115515e-02	6.280438e-05
7.197309e-01	2.141151e-02	0.000000e+00
7.211703e-01	2.140620e-02	0.000000e+00
7.226127e-01	2.139337e-02	0.000000e+00
7.240579e-01	2.140502e-02	0.000000e+00
7.255060e-01	2.139605e-02	0.000000e+00
7.261967e-01	2.121751e-02	6.656042e-05
7.269570e-01	2.139696e-02	0.000000e+00
7.284109e-01	2.138430e-02	0.000000e+00
7.298677e-01	2.140269e-02	0.000000e+00
7.313275e-01	2.140551e-02	0.000000e+00
7.327901e-01	2.138694e-02	0.000000e+00
7.342557e-01	2.137806e-02	0.000000e+00
7.357242e-01	2.138886e-02	0.000000e+00
7.371957e-01	2.138733e-02	0.000000e+00
7.380000e-01	2.108778e-02	1.735000e-04
7.386701e-01	2.137943e-02	0.000000e+00
7.401474e-01	2.137761e-02	0.000000e+00
7.408594e-01	2.103036e-02	1.174582e-04
7.416277e-01	2.137091e-02	0.000000e+00
7.431110e-01	2.136750e-02	0.000000e+00
7.445972e-01	2.136662e-02	0.000000e+00
7.460864e-01	2.136521e-02	0.000000e+00
7.475785e-01	2.135868e-02	0.000000e+00
7.490737e-01	2.135577e-02	0.000000e+00
7.505719e-01	2.135646e-02	0.000000e+00
7.520730e-01	2.135377e-02	0.000000e+00
7.535771e-01	2.135181e-02	0.000000e+00
7.550843e-01	2.135179e-02	0.000000e+00
7.565945e-01	2.135074e-02	0.000000e+00
7.581077e-01	2.134903e-02	0.000000e+00
7.596239e-01	2.135068e-02	0.000000e+00
7.611431e-01	2.135028e-02	0.000000e+00
7.626654e-01	2.135476e-02	0.000000e+00
7.641907e-01	2.137072e-02	0.000000e+00
7.643032e-01	2.115130e-02	9.394561e-05
7.657191e-01	2.141312e-02	0.000000e+00
7.672506e-01	2.148267e-02	0.000000e+00
7.684000e-01	2.200690e-02	3.501000e-04
7.687851e-01	2.139340e-02	0.000000e+00
7.703226e-01	2.145776e-02	0.000000e+00
7.718633e-01	2.137165e-02	0.000000e+00
7.734070e-01	2.135434e-02	0.000000e+00
7.749538e-01	2.134656e-02	0.000000e+00
7.765037e-01	2.134108e-02	0.000000e+00
7.780567e-01	2.133624e-02	0.000000e+00
7.796128e-01	2.133429e-02	0.000000e+00
7.811721e-01	2.133165e-02	0.000000e+00
7.827344e-01	2.132958e-02	0.000000e+00
7.842999e-01	2.133151e-02	0.000000e+00
7.858685e-01	2.132942e-02	0.000000e+00
7.874402e-01	2.132965e-02	0.000000e+00
7.890151e-01	2.132760e-02	0.000000e+00
7.896496e-01	2.114515e-02	7.818591e-05
7.905000e-01	2.172358e-02	2.224300e-04
7.905931e-01	2.132269e-02	0.000000e+00
7.921743e-01	2.131654e-02	0.000000e+00
7.937587e-01	2.131585e-02	0.000000e+00
7.953462e-01	2.131400e-02	0.000000e+00
7.969369e-01	2.132478e-02	0.000000e+00
7.985307e-01	2.132297e-02	0.000000e+00
8.001278e-01	2.132165e-02	0.000000e+00
8.017281e-01	2.131719e-02	0.000000e+00
8.033315e-01	2.132014e-02	0.000000e+00
8.049382e-01	2.132059e-02	0.000000e+00
8.065481e-01	2.133108e-02	0.000000e+00
8.081612e-01	2.133938e-02	0.000000e+00
8.097775e-01	2.137167e-02	0.000000e+00
8.113970e-01	2.137070e-02	0.000000e+00
8.130198e-01	2.138496e-02	0.000000e+00
8.146459e-01	2.137963e-02	0.000000e+00
8.162752e-01	2.137271e-02	0.000000e+00
8.170906e-01	2.114598e-02	8.481503e-05
8.179077e-01	2.135469e-02	0.000000e+00
8.195435e-01	2.134959e-02	0.000000e+00
8.211826e-01	2.134639e-02	0.000000e+00
8.225000e-01	2.106878e-02	3.136500e-04
8.228250e-01	2.138572e-02	0.000000e+00
8.244706e-01	2.136164e-02	0.000000e+00
8.261196e-01	2.133221e-02	0.000000e+00
8.277718e-01	2.133896e-02	0.000000e+00
8.294273e-01	2.136168e-02	0.000000e+00
8.300000e-01	2.143115e-02	4.746600e-04
8.310862e-01	2.134464e-02	0.000000e+00
8.327484e-01	2.133670e-02	0.000000e+00
8.344139e-01	2.134709e-02	0.000000e+00
8.360827e-01	2.134754e-02	0.000000e+00
8.377549e-01	2.133319e-02	0.000000e+00
8.394304e-01	2.133550e-02	0.000000e+00
8.411092e-01	2.132443e-02	0.000000e+00
8.427915e-01	2.132215e-02	0.000000e+00
8.444770e-01	2.131903e-02	0.000000e+00
8.447635e-01	2.130299e-02	2.986659e-04
8.461660e-01	2.131147e-02	0.000000e+00
8.468056e-01	2.095579e-02	1.026693e-04
8.478583e-01	2.131185e-02	0.000000e+00
8.495540e-01	2.130435e-02	0.000000e+00
8.512531e-01	2.129405e-02	0.000000e+00
8.529557e-01	2.128949e-02	0.000000e+00
8.546616e-01	2.129233e-02	0.000000e+00
8.563709e-01	2.128124e-02	0.000000e+00
8.569859e-01	2.147227e-02	1.122017e-04
8.580836e-01	2.127728e-02	0.000000e+00
8.592000e-01	2.120612e-02	1.917900e-04
8.597998e-01	2.127303e-02	0.000000e+00
8.615194e-01	2.127141e-02	0.000000e+00
8.632424e-01	2.127073e-02	0.000000e+00
8.649689e-01	2.126397e-02	0.000000e+00
8.666989e-01	2.125742e-02	0.000000e+00
8.678024e-01	2.150202e-02	1.072880e-04
8.684323e-01	2.126187e-02	0.000000e+00
8.701691e-01	2.125727e-02	0.000000e+00
8.719095e-01	2.125552e-02	0.000000e+00
8.736533e-01	2.125463e-02	0.000000e+00
8.750000e-01	2.134388e-02	3.748700e-04
8.754006e-01	2.125096e-02	0.000000e+00
8.771514e-01	2.124622e-02	0.000000e+00
8.781525e-01	2.139500e-02	1.081986e-04
8.789057e-01	2.124801e-02	0.000000e+00
8.789909e-01	2.092926e-02	5.779341e-05
8.806635e-01	2.124305e-02	0.000000e+00
8.824248e-01	2.124254e-02	0.000000e+00
8.841897e-01	2.123934e-02	0.000000e+00
8.859581e-01	2.124241e-02	0.000000e+00
8.877300e-01	2.125010e-02	0.000000e+00
8.885062e-01	2.158771e-02	1.006691e-04
8.895054e-01	2.126109e-02	0.000000e+00
8.912844e-01	2.130676e-02	0.000000e+00
8.930670e-01	2.135458e-02	0.000000e+00
8.948531e-01	2.133147e-02	0.000000e+00
8.966429e-01	2.133466e-02	0.000000e+00
8.983927e-01	2.184030e-02	1.972881e-04
8.984361e-01	2.134414e-02	0.000000e+00
9.002330e-01	2.134059e-02	0.000000e+00
9.020335e-01	2.131226e-02	0.000000e+00
9.038375e-01	2.129373e-02	0.000000e+00
9.056452e-01	2.129786e-02	0.000000e+00
9.074565e-01	2.129882e-02	0.000000e+00
9.078117e-01	2.156014e-02	9.752801e-05
9.082000e-01	2.137078e-02	1.426200e-04
9.092714e-01	2.131450e-02	0.000000e+00
9.110900e-01	2.131951e-02	0.000000e+00
9.129121e-01	2.136338e-02	0.000000e+00
9.138342e-01	2.105122e-02	5.520204e-05
9.147380e-01	2.136626e-02	0.000000e+00
9.165674e-01	2.137999e-02	0.000000e+00
9.172338e-01	2.155632e-02	9.488121e-05
9.184006e-01	2.136359e-02	0.000000e+00
9.202374e-01	2.136338e-02	0.000000e+00
9.220779e-01	2.133580e-02	0.000000e+00
9.239220e-01	2.137750e-02	0.000000e+00
9.257699e-01	2.139871e-02	0.000000e+00
9.266590e-01	2.174757e-02	1.000939e-04
9.276214e-01	2.155718e-02	0.000000e+00
9.294766e-01	2.159373e-02	0.000000e+00
9.313356e-01	2.155322e-02	0.000000e+00
9.331983e-01	2.157993e-02	0.000000e+00
9.350647e-01	2.155468e-02	0.000000e+00
9.360874e-01	2.155770e-02	9.404219e-05
9.369348e-01	2.155998e-02	0.000000e+00
9.388087e-01	2.154582e-02	0.000000e+00
9.406863e-01	2.151512e-02	0.000000e+00
9.425676e-01	2.151728e-02	0.000000e+00
9.444528e-01	2.148110e-02	0.000000e+00
9.450472e-01	2.138677e-02	3.232142e-04
9.463417e-01	2.150826e-02	0.000000e+00
9.482344e-01	2.151286e-02	0.000000e+00
9.501308e-01	2.152080e-02	0.000000e+00
9.514905e-01	2.132956e-02	1.135978e-04
9.520311e-01	2.150735e-02	0.000000e+00
9.535382e-01	2.149285e-02	1.023689e-04
9.539352e-01	2.148489e-02	0.000000e+00
9.558430e-01	2.150983e-02	0.000000e+00
9.572000e-01	2.154431e-02	1.495500e-04
9.577547e-01	2.151755e-02	0.000000e+00
9.596702e-01	2.152678e-02	0.000000e+00
9.615896e-01	2.150960e-02	0.000000e+00
9.620318e-01	2.155519e-02	9.506186e-05
9.635127e-01	2.151857e-02	0.000000e+00
9.654398e-01	2.146599e-02	0.000000e+00
9.673707e-01	2.148314e-02	0.000000e+00
9.693054e-01	2.146761e-02	0.000000e+00
9.705279e-01	2.140724e-02	9.569711e-05
9.712440e-01	2.143181e-02	0.000000e+00
9.731865e-01	2.147992e-02	0.000000e+00
9.751329e-01	2.143955e-02	0.000000e+00
9.770831e-01	2.142739e-02	0.000000e+00
9.790267e-01	2.100756e-02	1.423870e-04
9.790373e-01	2.144190e-02	0.000000e+00
9.809954e-01	2.143169e-02	0.000000e+00
9.829574e-01	2.143947e-02	0.000000e+00
9.849233e-01	2.141965e-02	0.000000e+00
9.868931e-01	2.139525e-02	0.000000e+00
9.875281e-01	2.107284e-02	1.069145e-04
9.888669e-01	2.138886e-02	0.000000e+00
9.908446e-01	2.138405e-02	0.000000e+00
9.920743e-01	2.101123e-02	4.923276e-05
9.928263e-01	2.138469e-02	0.000000e+00
9.948120e-01	2.136796e-02	0.000000e+00
9.955596e-01	2.135913e-02	9.077031e-05
9.968016e-01	2.136031e-02	0.000000e+00
9.987952e-01	2.134901e-02	0.000000e+00
1.000793e+00	2.133801e-02	0.000000e+00
1.002794e+00	2.134552e-02	0.000000e+00
1.003121e+00	2.142766e-02	1.021163e-04
1.004800e+00	2.131769e-02	0.000000e+00
1.006200e+00	2.137830e-02	1.309700e-04
1.006810e+00	2.130915e-02	0.000000e+00
1.008823e+00	2.131115e-02	0.000000e+00
1.010684e+00	2.137090e-02	9.319076e-05
1.010841e+00	2.129461e-02	0.000000e+00
1.012863e+00	2.128495e-02	0.000000e+00
1.014888e+00	2.128739e-02	0.000000e+00
1.016918e+00	2.127451e-02	0.000000e+00
1.018250e+00	2.129596e-02	8.820538e-05
1.018952e+00	2.126755e-02	0.000000e+00
1.020990e+00	2.126679e-02	0.000000e+00
1.023032e+00	2.126106e-02	0.000000e+00
1.025078e+00	2.125020e-02	0.000000e+00
1.025817e+00	2.126937e-02	2.799549e-04
1.027128e+00	2.125284e-02	0.000000e+00
1.029182e+00	2.124388e-02	0.000000e+00
1.031241e+00	2.124056e-02	0.000000e+00
1.033303e+00	2.123427e-02	0.000000e+00
1.033387e+00	2.142069e-02	9.265471e-05
1.035370e+00	2.123274e-02	0.000000e+00
1.035644e+00	2.105753e-02	9.062336e-05
1.037440e+00	2.122006e-02	0.000000e+00
1.039515e+00	2.122344e-02	0.000000e+00
1.040959e+00	2.121049e-02	8.827977e-05
1.041594e+00	2.121861e-02	0.000000e+00
1.043678e+00	2.122086e-02	0.000000e+00
1.045765e+00	2.122267e-02	0.000000e+00
1.047856e+00	2.122019e-02	0.000000e+00
1.048533e+00	2.125007e-02	9.143827e-05
1.049952e+00	2.121610e-02	0.000000e+00
1.052052e+00	2.121636e-02	0.000000e+00
1.054156e+00	2.120973e-02	0.000000e+00
1.055200e+00	2.113325e-02	1.540500e-04
1.056109e+00	2.147073e-02	8.716289e-05
1.056264e+00	2.120291e-02	0.000000e+00
1.058377e+00	2.121605e-02	0.000000e+00
1.060494e+00	2.120915e-02	0.000000e+00
1.062615e+00	2.120883e-02	0.000000e+00
1.063687e+00	2.131582e-02	8.616104e-05
1.064740e+00	2.120840e-02	0.000000e+00
1.066869e+00	2.120876e-02	0.000000e+00
1.069003e+00	2.120853e-02	0.000000e+00
1.071141e+00	2.122114e-02	0.000000e+00
1.071267e+00	2.131401e-02	8.418522e-05
1.073283e+00	2.120571e-02	0.000000e+00
1.075430e+00	2.121303e-02	0.000000e+00
1.077581e+00	2.122809e-02	0.000000e+00
1.078850e+00	2.154249e-02	8.828639e-05
1.079736e+00	2.121860e-02	0.000000e+00
1.081895e+00	2.122165e-02	0.000000e+00
1.082167e+00	2.113115e-02	1.265197e-04
1.084059e+00	2.122278e-02	0.000000e+00
1.086227e+00	2.126870e-02	0.000000e+00
1.086435e+00	2.163907e-02	8.808152e-05
1.088400e+00	2.126200e-02	0.000000e+00
1.090577e+00	2.130545e-02	0.000000e+00
1.092000e+00	2.118480e-02	2.184800e-04
1.092758e+00	2.135424e-02	0.000000e+00
1.094021e+00	2.147810e-02	8.931563e-05
1.094943e+00	2.139667e-02	0.000000e+00
1.097133e+00	2.140497e-02	0.000000e+00
1.099327e+00	2.140071e-02	0.000000e+00
1.101526e+00	2.146187e-02	0.000000e+00
1.101611e+00	2.154998e-02	8.761529e-05
1.103729e+00	2.143969e-02	0.000000e+00
1.105937e+00	2.145005e-02	0.000000e+00
1.108149e+00	2.146860e-02	0.000000e+00
1.108727e+00	2.158452e-02	8.900492e-05
1.110365e+00	2.148448e-02	0.000000e+00
1.112586e+00	2.149459e-02	0.000000e+00
1.114811e+00	2.153267e-02	0.000000e+00
1.115371e+00	2.167399e-02	8.723481e-05
1.116500e+00	2.153688e-02	2.423400e-04
1.117040e+00	2.155017e-02	0.000000e+00
1.119274e+00	2.154741e-02	0.000000e+00
1.121513e+00	2.153107e-02	0.000000e+00
1.122017e+00	2.166304e-02	9.174461e-05
1.123756e+00	2.150261e-02	0.000000e+00
1.126004e+00	2.149840e-02	0.000000e+00
1.128256e+00	2.150697e-02	0.000000e+00
1.128664e+00	2.161541e-02	8.635137e-05
1.130512e+00	2.152850e-02	0.000000e+00
1.131535e+00	2.132310e-02	8.977848e-05
1.132773e+00	2.152829e-02	0.000000e+00
1.135039e+00	2.169599e-02	0.000000e+00
1.135313e+00	2.175732e-02	8.662610e-05
1.137309e+00	2.152084e-02	0.000000e+00
1.139150e+00	2.145284e-02	2.094000e-04
1.139583e+00	2.145926e-02	0.000000e+00
1.141862e+00	2.150910e-02	0.000000e+00
1.141964e+00	2.167514e-02	8.306867e-05
1.144146e+00	2.156480e-02	0.000000e+00
1.146434e+00	2.148808e-02	0.000000e+00
1.148616e+00	2.157915e-02	8.732001e-05
1.148727e+00	2.148034e-02	0.000000e+00
1.151025e+00	2.149599e-02	0.000000e+00
1.153327e+00	2.152532e-02	0.000000e+00
1.155271e+00	2.144801e-02	8.252033e-05
1.155634e+00	2.149958e-02	0.000000e+00
1.157830e+00	2.162255e-02	1.228200e-04
1.157945e+00	2.150770e-02	0.000000e+00
1.160261e+00	2.149167e-02	0.000000e+00
1.161926e+00	2.144914e-02	8.692671e-05
1.162581e+00	2.150825e-02	0.000000e+00
1.164906e+00	2.152731e-02	0.000000e+00
1.167236e+00	2.149688e-02	0.000000e+00
1.168584e+00	2.162597e-02	8.554740e-05
1.169571e+00	2.150564e-02	0.000000e+00
1.171910e+00	2.145444e-02	0.000000e+00
1.174254e+00	2.148132e-02	0.000000e+00
1.175243e+00	2.154258e-02	8.440785e-05
1.176511e+00	2.158160e-02	1.269500e-04
1.176602e+00	2.150821e-02	0.000000e+00
1.178955e+00	2.144375e-02	0.000000e+00
1.181313e+00	2.145518e-02	0.000000e+00
1.181904e+00	2.155171e-02	8.379103e-05
1.183535e+00	2.129831e-02	4.421594e-05
1.183676e+00	2.142169e-02	0.000000e+00
1.186043e+00	2.143996e-02	0.000000e+00
1.188415e+00	2.141526e-02	0.000000e+00
1.188567e+00	2.133100e-02	8.227298e-05
1.190792e+00	2.139670e-02	0.000000e+00
1.193174e+00	2.137251e-02	0.000000e+00
1.195190e+00	2.138119e-02	1.691300e-04
1.195231e+00	2.143598e-02	8.874256e-05
1.195560e+00	2.136895e-02	0.000000e+00
1.197951e+00	2.135684e-02	0.000000e+00
1.200347e+00	2.134630e-02	0.000000e+00
1.202373e+00	2.155641e-02	8.351773e-05
1.202748e+00	2.135853e-02	0.000000e+00
1.205153e+00	2.132198e-02	0.000000e+00
1.207564e+00	2.133789e-02	0.000000e+00
1.209979e+00	2.132079e-02	0.000000e+00
1.209994e+00	2.124032e-02	2.760405e-04
1.212399e+00	2.133791e-02	0.000000e+00
1.213870e+00	2.125936e-02	2.000100e-04
1.214823e+00	2.131566e-02	0.000000e+00
1.217253e+00	2.130844e-02	0.000000e+00
1.217617e+00	2.149102e-02	8.028610e-05
1.219688e+00	2.129907e-02	0.000000e+00
1.222127e+00	2.129999e-02	0.000000e+00
1.224571e+00	2.130267e-02	0.000000e+00
1.225242e+00	2.153508e-02	7.873740e-05
1.227020e+00	2.127838e-02	0.000000e+00
1.229474e+00	2.127868e-02	0.000000e+00
1.231933e+00	2.126938e-02	0.000000e+00
1.232550e+00	2.136172e-02	1.498100e-04
1.232869e+00	2.138458e-02	7.923186e-05
1.234397e+00	2.126830e-02	0.000000e+00
1.236866e+00	2.126713e-02	0.000000e+00
1.237867e+00	2.127843e-02	4.536169e-05
1.239340e+00	2.124200e-02	0.000000e+00
1.240499e+00	2.133058e-02	8.470526e-05
1.241818e+00	2.125436e-02	0.000000e+00
1.244302e+00	2.124931e-02	0.000000e+00
1.246791e+00	2.123770e-02	0.000000e+00
1.248131e+00	2.139529e-02	8.057647e-05
1.249284e+00	2.123876e-02	0.000000e+00
1.251230e+00	2.148044e-02	1.873500e-04
1.251783e+00	2.122626e-02	0.000000e+00
1.254286e+00	2.123957e-02	0.000000e+00
1.255765e+00	2.123091e-02	8.295535e-05
1.256795e+00	2.121858e-02	0.000000e+00
1.259309e+00	2.124170e-02	0.000000e+00
1.261827e+00	2.122418e-02	0.000000e+00
1.263401e+00	2.119554e-02	8.145323e-05
1.264351e+00	2.122515e-02	0.000000e+00
1.266880e+00	2.123866e-02	0.000000e+00
1.269413e+00	2.123647e-02	0.000000e+00
1.269910e+00	2.101893e-02	1.180700e-04
1.271040e+00	2.117564e-02	8.406865e-05
1.271952e+00	2.124012e-02	0.000000e+00
1.274496e+00	2.124581e-02	0.000000e+00
1.277045e+00	2.125764e-02	0.000000e+00
1.278681e+00	2.127752e-02	8.965422e-05
1.279599e+00	2.126605e-02	0.000000e+00
1.282158e+00	2.125223e-02	0.000000e+00
1.284723e+00	2.124667e-02	0.000000e+00
1.286324e+00	2.119534e-02	8.290796e-05
1.287292e+00	2.129944e-02	0.000000e+00
1.288590e+00	2.163238e-02	2.243000e-04
1.289867e+00	2.127157e-02	0.000000e+00
1.292446e+00	2.128955e-02	0.000000e+00
1.293969e+00	2.136796e-02	8.834492e-05
1.294163e+00	2.138411e-02	7.301092e-05
1.295031e+00	2.128426e-02	0.000000e+00
1.297621e+00	2.127674e-02	0.000000e+00
1.300217e+00	2.131520e-02	0.000000e+00
1.301617e+00	2.119288e-02	8.511923e-05
1.302817e+00	2.131656e-02	0.000000e+00
1.305423e+00	2.130598e-02	0.000000e+00
1.307270e+00	2.149639e-02	1.757500e-04
1.308033e+00	2.131662e-02	0.000000e+00
1.309267e+00	2.134500e-02	8.566699e-05
1.310650e+00	2.131300e-02	0.000000e+00
1.313271e+00	2.133171e-02	0.000000e+00
1.315897e+00	2.134241e-02	0.000000e+00
1.316920e+00	2.145310e-02	9.105017e-05
1.318529e+00	2.134295e-02	0.000000e+00
1.321166e+00	2.135129e-02	0.000000e+00
1.323809e+00	2.137486e-02	0.000000e+00
1.324574e+00	2.159154e-02	9.262102e-05
1.325950e+00	2.173308e-02	1.511600e-04
1.326456e+00	2.137134e-02	0.000000e+00
1.329109e+00	2.144817e-02	0.000000e+00
1.331767e+00	2.155631e-02	0.000000e+00
1.332710e+00	2.173141e-02	8.898577e-05
1.334431e+00	2.159516e-02	0.000000e+00
1.337100e+00	2.174144e-02	0.000000e+00
1.339774e+00	2.164496e-02	0.000000e+00
1.341327e+00	2.180083e-02	8.805620e-05
1.342453e+00	2.169165e-02	0.000000e+00
1.344630e+00	2.173267e-02	1.376900e-04
1.345138e+00	2.174886e-02	0.000000e+00
1.347829e+00	2.181740e-02	0.000000e+00
1.349947e+00	2.180955e-02	9.080159e-05
1.350524e+00	2.179689e-02	0.000000e+00
1.352017e+00	2.154782e-02	1.323384e-04
1.353225e+00	2.185955e-02	0.000000e+00
1.355932e+00	2.186638e-02	0.000000e+00
1.358569e+00	2.189842e-02	8.621779e-05
1.358644e+00	2.194651e-02	0.000000e+00
1.361361e+00	2.186292e-02	0.000000e+00
1.363310e+00	2.180502e-02	1.940300e-04
1.364084e+00	2.186168e-02	0.000000e+00
1.366812e+00	2.182134e-02	0.000000e+00
1.367195e+00	2.175436e-02	9.466720e-05
1.369545e+00	2.185327e-02	0.000000e+00
1.372285e+00	2.188268e-02	0.000000e+00
1.375029e+00	2.191043e-02	0.000000e+00
1.375824e+00	2.193059e-02	8.921604e-05
1.377779e+00	2.183740e-02	0.000000e+00
1.380535e+00	2.180753e-02	0.000000e+00
1.381990e+00	2.194040e-02	1.728100e-04
1.383296e+00	2.188307e-02	0.000000e+00
1.384455e+00	2.190143e-02	9.137432e-05
1.386062e+00	2.182746e-02	0.000000e+00
1.388835e+00	2.178437e-02	0.000000e+00
1.391612e+00	2.183149e-02	0.000000e+00
1.393089e+00	2.165522e-02	9.036418e-05
1.394395e+00	2.184698e-02	0.000000e+00
1.397184e+00	2.181623e-02	0.000000e+00
1.399979e+00	2.189375e-02	0.000000e+00
1.400670e+00	2.198573e-02	1.748000e-04
1.402207e+00	2.197965e-02	8.502429e-05
1.402779e+00	2.185456e-02	0.000000e+00
1.405584e+00	2.184776e-02	0.000000e+00
1.408395e+00	2.190140e-02	0.000000e+00
1.411008e+00	2.162767e-02	7.810525e-05
1.411212e+00	2.194591e-02	0.000000e+00
1.411807e+00	2.183613e-02	8.852474e-05
1.414034e+00	2.192462e-02	0.000000e+00
1.416863e+00	2.186551e-02	0.000000e+00
1.419350e+00	2.176482e-02	1.471100e-04
1.419696e+00	2.191516e-02	0.000000e+00
1.421412e+00	2.195551e-02	8.995889e-05
1.422536e+00	2.192295e-02	0.000000e+00
1.425381e+00	2.191439e-02	0.000000e+00
1.428231e+00	2.199415e-02	0.000000e+00
1.431019e+00	2.201672e-02	8.972779e-05
1.431088e+00	2.184216e-02	0.000000e+00
1.433950e+00	2.195740e-02	0.000000e+00
1.436818e+00	2.187481e-02	0.000000e+00
1.438030e+00	2.210220e-02	1.913400e-04
1.439692e+00	2.187100e-02	0.000000e+00
1.440631e+00	2.188117e-02	9.368653e-05
1.442571e+00	2.182075e-02	0.000000e+00
1.445456e+00	2.192858e-02	0.000000e+00
1.448347e+00	2.175428e-02	0.000000e+00
1.450727e+00	2.183165e-02	9.165855e-05
1.451244e+00	2.182899e-02	0.000000e+00
1.454146e+00	2.172556e-02	0.000000e+00
1.456710e+00	2.205356e-02	2.240400e-04
1.457055e+00	2.176061e-02	0.000000e+00
1.459969e+00	2.169016e-02	0.000000e+00
1.461308e+00	2.177426e-02	9.086260e-05
1.462889e+00	2.180806e-02	0.000000e+00
1.465814e+00	2.169399e-02	0.000000e+00
1.468746e+00	2.178548e-02	0.000000e+00
1.470734e+00	2.161947e-02	8.581166e-05
1.471684e+00	2.168647e-02	0.000000e+00
1.471893e+00	2.173742e-02	8.875975e-05
1.474627e+00	2.171782e-02	0.000000e+00
1.475390e+00	2.214740e-02	1.874400e-04
1.477576e+00	2.167701e-02	0.000000e+00
1.480531e+00	2.170735e-02	0.000000e+00
1.482965e+00	2.182132e-02	8.899872e-05
1.483492e+00	2.169774e-02	0.000000e+00
1.486459e+00	2.167106e-02	0.000000e+00
1.489432e+00	2.169008e-02	0.000000e+00
1.492411e+00	2.163964e-02	0.000000e+00
1.494070e+00	2.189510e-02	1.994500e-04
1.494523e+00	2.147833e-02	8.721925e-05
1.495396e+00	2.166458e-02	0.000000e+00
1.498387e+00	2.158056e-02	0.000000e+00
1.501384e+00	2.161047e-02	0.000000e+00
1.504386e+00	2.161454e-02	0.000000e+00
1.506086e+00	2.164023e-02	9.914282e-05
1.507395e+00	2.160887e-02	0.000000e+00
1.510410e+00	2.156723e-02	0.000000e+00
1.512750e+00	2.170457e-02	1.965800e-04
1.513431e+00	2.154083e-02	0.000000e+00
1.516458e+00	2.152637e-02	0.000000e+00
1.517654e+00	2.151840e-02	9.770806e-05
1.519490e+00	2.152371e-02	0.000000e+00
1.520801e+00	2.141895e-02	7.599200e-05
1.522529e+00	2.148028e-02	0.000000e+00
1.525574e+00	2.154319e-02	0.000000e+00
1.528626e+00	2.146736e-02	0.000000e+00
1.529227e+00	2.151535e-02	9.223980e-05
1.531430e+00	2.170999e-02	2.113500e-04
1.531683e+00	2.150838e-02	0.000000e+00
1.534746e+00	2.142460e-02	0.000000e+00
1.537816e+00	2.145525e-02	0.000000e+00
1.540891e+00	2.142398e-02	0.000000e+00
1.541289e+00	2.142458e-02	9.818619e-05
1.543973e+00	2.143534e-02	0.000000e+00
1.547061e+00	2.136170e-02	0.000000e+00
1.550110e+00	2.171265e-02	1.520000e-04
1.550155e+00	2.140780e-02	0.000000e+00
1.553256e+00	2.138351e-02	0.000000e+00
1.553838e+00	2.146039e-02	9.851988e-05
1.556362e+00	2.138413e-02	0.000000e+00
1.559475e+00	2.140558e-02	0.000000e+00
1.560912e+00	2.118746e-02	8.101031e-05
1.562594e+00	2.136523e-02	0.000000e+00
1.565719e+00	2.135850e-02	0.000000e+00
1.566394e+00	2.155515e-02	9.569206e-05
1.568790e+00	2.157036e-02	1.978800e-04
1.568850e+00	2.133120e-02	0.000000e+00
1.571988e+00	2.134556e-02	0.000000e+00
1.575132e+00	2.130675e-02	0.000000e+00
1.578282e+00	2.134002e-02	0.000000e+00
1.579440e+00	2.143929e-02	1.072915e-04
1.581439e+00	2.132888e-02	0.000000e+00
1.584602e+00	2.130918e-02	0.000000e+00
1.587470e+00	2.131251e-02	2.066700e-04
1.587771e+00	2.128665e-02	0.000000e+00
1.590946e+00	2.130619e-02	0.000000e+00
1.592975e+00	2.125261e-02	1.005849e-04
1.594128e+00	2.126899e-02	0.000000e+00
1.597317e+00	2.128100e-02	0.000000e+00
1.600511e+00	2.126608e-02	0.000000e+00
1.600984e+00	2.129960e-02	6.643753e-05
1.603712e+00	2.128605e-02	0.000000e+00
1.606150e+00	2.151409e-02	1.960400e-04
1.606920e+00	2.126082e-02	0.000000e+00
1.607002e+00	2.128322e-02	9.760965e-05
1.610134e+00	2.125867e-02	0.000000e+00
1.613354e+00	2.126046e-02	0.000000e+00
1.616581e+00	2.124474e-02	0.000000e+00
1.619814e+00	2.125807e-02	0.000000e+00
1.621520e+00	2.142059e-02	9.300404e-05
1.623053e+00	2.122659e-02	0.000000e+00
1.624830e+00	2.153827e-02	2.455400e-04
1.626299e+00	2.123927e-02	0.000000e+00
1.629552e+00	2.124076e-02	0.000000e+00
1.632811e+00	2.124524e-02	0.000000e+00
1.636047e+00	2.133348e-02	9.921152e-05
1.636077e+00	2.123441e-02	0.000000e+00
1.639349e+00	2.122774e-02	0.000000e+00
1.640944e+00	2.081656e-02	5.969699e-05
1.642628e+00	2.123967e-02	0.000000e+00
1.643510e+00	2.108646e-02	1.773900e-04
1.645913e+00	2.122992e-02	0.000000e+00
1.649205e+00	2.123251e-02	0.000000e+00
1.651066e+00	2.121387e-02	1.001878e-04
1.652503e+00	2.122138e-02	0.000000e+00
1.655808e+00	2.122629e-02	0.000000e+00
1.659120e+00	2.123479e-02	0.000000e+00
1.662438e+00	2.125539e-02	0.000000e+00
1.665763e+00	2.122598e-02	0.000000e+00
1.667064e+00	2.108978e-02	1.010014e-04
1.669094e+00	2.123419e-02	0.000000e+00
1.672433e+00	2.122098e-02	0.000000e+00
1.675777e+00	2.123335e-02	0.000000e+00
1.679129e+00	2.120956e-02	0.000000e+00
1.680729e+00	2.098731e-02	6.508117e-05
1.682487e+00	2.120523e-02	0.000000e+00
1.683558e+00	2.123775e-02	1.062777e-04
1.685852e+00	2.120684e-02	0.000000e+00
1.689224e+00	2.122343e-02	0.000000e+00
1.692602e+00	2.122620e-02	0.000000e+00
1.695988e+00	2.124100e-02	0.000000e+00
1.699380e+00	2.123641e-02	0.000000e+00
1.700547e+00	2.118461e-02	1.029986e-04
1.702778e+00	2.122016e-02	0.000000e+00
1.706184e+00	2.124226e-02	0.000000e+00
1.709596e+00	2.125022e-02	0.000000e+00
1.713015e+00	2.127688e-02	0.000000e+00
1.716441e+00	2.127118e-02	0.000000e+00
1.718034e+00	2.118124e-02	1.145831e-04
1.719874e+00	2.132399e-02	0.000000e+00
1.720287e+00	2.114532e-02	7.957981e-05
1.723314e+00	2.132135e-02	0.000000e+00
1.726761e+00	2.131754e-02	0.000000e+00
1.730214e+00	2.135340e-02	0.000000e+00
1.733675e+00	2.137937e-02	0.000000e+00
1.736018e+00	2.140311e-02	1.056570e-04
1.737142e+00	2.136192e-02	0.000000e+00
1.740616e+00	2.136472e-02	0.000000e+00
1.744098e+00	2.137508e-02	0.000000e+00
1.747586e+00	2.141102e-02	0.000000e+00
1.751081e+00	2.141489e-02	0.000000e+00
1.754583e+00	2.138604e-02	0.000000e+00
1.754989e+00	2.153315e-02	1.086321e-04
1.758092e+00	2.140451e-02	0.000000e+00
1.759574e+00	2.134522e-02	7.535600e-05
1.761608e+00	2.144700e-02	0.000000e+00
1.765132e+00	2.142909e-02	0.000000e+00
1.768662e+00	2.151983e-02	0.000000e+00
1.772199e+00	2.148322e-02	0.000000e+00
1.774947e+00	2.143856e-02	1.429857e-04
1.775744e+00	2.155418e-02	0.000000e+00
1.779295e+00	2.148538e-02	0.000000e+00
1.782854e+00	2.152171e-02	0.000000e+00
1.786419e+00	2.162539e-02	0.000000e+00
1.789992e+00	2.151219e-02	0.000000e+00
1.793572e+00	2.162143e-02	0.000000e+00
1.795896e+00	2.156800e-02	1.124250e-04
1.797159e+00	2.151868e-02	0.000000e+00
1.798554e+00	2.141594e-02	5.905692e-05
1.800754e+00	2.167562e-02	0.000000e+00
1.804355e+00	2.159567e-02	0.000000e+00
1.807964e+00	2.165945e-02	0.000000e+00
1.811580e+00	2.168480e-02	0.000000e+00
1.815203e+00	2.153673e-02	0.000000e+00
1.818325e+00	2.156147e-02	1.131073e-04
1.818833e+00	2.170878e-02	0.000000e+00
1.822471e+00	2.164933e-02	0.000000e+00
1.826116e+00	2.170401e-02	0.000000e+00
1.829768e+00	2.160666e-02	0.000000e+00
1.833428e+00	2.171616e-02	0.000000e+00
1.837095e+00	2.167874e-02	0.000000e+00
1.837199e+00	2.154113e-02	5.070056e-05
1.840769e+00	2.168534e-02	0.000000e+00
1.842238e+00	2.179469e-02	1.204919e-04
1.844450e+00	2.166552e-02	0.000000e+00
1.848139e+00	2.180920e-02	0.000000e+00
1.851836e+00	2.169302e-02	0.000000e+00
1.855539e+00	2.181769e-02	0.000000e+00
1.859250e+00	2.185554e-02	0.000000e+00
1.862969e+00	2.174344e-02	0.000000e+00
1.866695e+00	2.181766e-02	0.000000e+00
1.867150e+00	2.197967e-02	1.428885e-04
1.870428e+00	2.169825e-02	0.000000e+00
1.874169e+00	2.177182e-02	0.000000e+00
1.875487e+00	2.160272e-02	4.852289e-05
1.877917e+00	2.177300e-02	0.000000e+00
1.881673e+00	2.163653e-02	0.000000e+00
1.885436e+00	2.170185e-02	0.000000e+00
1.889207e+00	2.166044e-02	0.000000e+00
1.892986e+00	2.170283e-02	0.000000e+00
1.893065e+00	2.155039e-02	1.270946e-04
1.896772e+00	2.165334e-02	0.000000e+00
1.900565e+00	2.159213e-02	0.000000e+00
1.904366e+00	2.166643e-02	0.000000e+00
1.908175e+00	2.155546e-02	0.000000e+00
1.911991e+00	2.166781e-02	0.000000e+00
1.913400e+00	2.178390e-02	3.977356e-05
1.915815e+00	2.158789e-02	0.000000e+00
1.919647e+00	2.161740e-02	0.000000e+00
1.920475e+00	2.171155e-02	1.311707e-04
1.923486e+00	2.162292e-02	0.000000e+00
1.927333e+00	2.162702e-02	0.000000e+00
1.931188e+00	2.170354e-02	0.000000e+00
1.935050e+00	2.166992e-02	0.000000e+00
1.938920e+00	2.177155e-02	0.000000e+00
1.942798e+00	2.169479e-02	0.000000e+00
1.946684e+00	2.178479e-02	0.000000e+00
1.949874e+00	2.181295e-02	1.411097e-04
1.950577e+00	2.166315e-02	0.000000e+00
1.950927e+00	2.158507e-02	4.602538e-05
1.954478e+00	2.175612e-02	0.000000e+00
1.958387e+00	2.172231e-02	0.000000e+00
1.962304e+00	2.171791e-02	0.000000e+00
1.966229e+00	2.173585e-02	0.000000e+00
1.970161e+00	2.165681e-02	0.000000e+00
1.974102e+00	2.172504e-02	0.000000e+00
1.978050e+00	2.164916e-02	0.000000e+00
1.980779e+00	2.132706e-02	1.806937e-04
1.982006e+00	2.168404e-02	0.000000e+00
1.985970e+00	2.162066e-02	0.000000e+00
1.988057e+00	2.139474e-02	4.728270e-05
1.989942e+00	2.171791e-02	0.000000e+00
1.993922e+00	2.162938e-02	0.000000e+00
1.997910e+00	2.163618e-02	0.000000e+00
2.001905e+00	2.166592e-02	0.000000e+00
2.005909e+00	2.166224e-02	0.000000e+00
2.009921e+00	2.162574e-02	0.000000e+00
2.013195e+00	2.174247e-02	1.431940e-04
2.013941e+00	2.158176e-02	0.000000e+00
2.017969e+00	2.166393e-02	0.000000e+00
2.022005e+00	2.157598e-02	0.000000e+00
2.024787e+00	2.110945e-02	4.641985e-05
2.026049e+00	2.157782e-02	0.000000e+00
2.030101e+00	2.158154e-02	0.000000e+00
2.034161e+00	2.153142e-02	0.000000e+00
2.038229e+00	2.149784e-02	0.000000e+00
2.042306e+00	2.152954e-02	0.000000e+00
2.046390e+00	2.144046e-02	0.000000e+00
2.047620e+00	2.151734e-02	1.536666e-04
2.050483e+00	2.146207e-02	0.000000e+00
2.054584e+00	2.150080e-02	0.000000e+00
2.058693e+00	2.137151e-02	0.000000e+00
2.061111e+00	2.139499e-02	4.807588e-05
2.062811e+00	2.143675e-02	0.000000e+00
2.066936e+00	2.138112e-02	0.000000e+00
2.071070e+00	2.139430e-02	0.000000e+00
2.075212e+00	2.138383e-02	0.000000e+00
2.079363e+00	2.133850e-02	0.000000e+00
2.083521e+00	2.134932e-02	0.000000e+00
2.085047e+00	2.127979e-02	1.638305e-04
2.087688e+00	2.135609e-02	0.000000e+00
2.091864e+00	2.134106e-02	0.000000e+00
2.096048e+00	2.131929e-02	0.000000e+00
2.097032e+00	2.111268e-02	4.023156e-05
2.100240e+00	2.130968e-02	0.000000e+00
2.104440e+00	2.130598e-02	0.000000e+00
2.108649e+00	2.130690e-02	0.000000e+00
2.112866e+00	2.126878e-02	0.000000e+00
2.117092e+00	2.129029e-02	0.000000e+00
2.121326e+00	2.126040e-02	0.000000e+00
2.125569e+00	2.125901e-02	0.000000e+00
2.125981e+00	2.107641e-02	1.816899e-04
2.129820e+00	2.126985e-02	0.000000e+00
2.132549e+00	2.118986e-02	4.101750e-05
2.134080e+00	2.122272e-02	0.000000e+00
2.138348e+00	2.123670e-02	0.000000e+00
2.142625e+00	2.125346e-02	0.000000e+00
2.146910e+00	2.121112e-02	0.000000e+00
2.151204e+00	2.123893e-02	0.000000e+00
2.155506e+00	2.121812e-02	0.000000e+00
2.159817e+00	2.121803e-02	0.000000e+00
2.164137e+00	2.121738e-02	0.000000e+00
2.167665e+00	2.113852e-02	5.896029e-05
2.168465e+00	2.120634e-02	0.000000e+00
2.170440e+00	2.109124e-02	1.973645e-04
2.172802e+00	2.121260e-02	0.000000e+00
2.177147e+00	2.122324e-02	0.000000e+00
2.181502e+00	2.120493e-02	0.000000e+00
2.185865e+00	2.122752e-02	0.000000e+00
2.190237e+00	2.119673e-02	0.000000e+00
2.194617e+00	2.122087e-02	0.000000e+00
2.199006e+00	2.121424e-02	0.000000e+00
2.202384e+00	2.101504e-02	5.137107e-05
2.203404e+00	2.123282e-02	0.000000e+00
2.207811e+00	2.120515e-02	0.000000e+00
2.212227e+00	2.118887e-02	0.000000e+00
2.216651e+00	2.122139e-02	0.000000e+00
2.218440e+00	2.091527e-02	2.112293e-04
2.221084e+00	2.125386e-02	0.000000e+00
2.225527e+00	2.124137e-02	0.000000e+00
2.229978e+00	2.121137e-02	0.000000e+00
2.234438e+00	2.123603e-02	0.000000e+00
2.236712e+00	2.102792e-02	4.818912e-05
2.238906e+00	2.120052e-02	0.000000e+00
2.243384e+00	2.123358e-02	0.000000e+00
2.247871e+00	2.123162e-02	0.000000e+00
2.252367e+00	2.121610e-02	0.000000e+00
2.256872e+00	2.123675e-02	0.000000e+00
2.261385e+00	2.121042e-02	0.000000e+00
2.265908e+00	2.123544e-02	0.000000e+00
2.270440e+00	2.125971e-02	0.000000e+00
2.270654e+00	2.103144e-02	5.137353e-05
2.270995e+00	2.119631e-02	1.967484e-04
2.274981e+00	2.122127e-02	0.000000e+00
2.279531e+00	2.124266e-02	0.000000e+00
2.284090e+00	2.123459e-02	0.000000e+00
2.288658e+00	2.120789e-02	0.000000e+00
2.293235e+00	2.133598e-02	0.000000e+00
2.297822e+00	2.134424e-02	0.000000e+00
2.302417e+00	2.127343e-02	0.000000e+00
2.304215e+00	2.109603e-02	5.047130e-05
2.307022e+00	2.130023e-02	0.000000e+00
2.311636e+00	2.131443e-02	0.000000e+00
2.316260e+00	2.132587e-02	0.000000e+00
2.320892e+00	2.132795e-02	0.000000e+00
2.325534e+00	2.131870e-02	0.000000e+00
2.329621e+00	2.131524e-02	1.902052e-04
2.330185e+00	2.135522e-02	0.000000e+00
2.334845e+00	2.130722e-02	0.000000e+00
2.337403e+00	2.125578e-02	4.864854e-05
2.339515e+00	2.136792e-02	0.000000e+00
2.344194e+00	2.134715e-02	0.000000e+00
2.348882e+00	2.132138e-02	0.000000e+00
2.353580e+00	2.136238e-02	0.000000e+00
2.358287e+00	2.136851e-02	0.000000e+00
2.363004e+00	2.136219e-02	0.000000e+00
2.367730e+00	2.136761e-02	0.000000e+00
2.370225e+00	2.145229e-02	4.972485e-05
2.372465e+00	2.137009e-02	0.000000e+00
2.377210e+00	2.136276e-02	0.000000e+00
2.381965e+00	2.141377e-02	0.000000e+00
2.386729e+00	2.142159e-02	0.000000e+00
2.391502e+00	2.135596e-02	0.000000e+00
2.394858e+00	2.157687e-02	2.085517e-04
2.396285e+00	2.139041e-02	0.000000e+00
2.401078e+00	2.138237e-02	0.000000e+00
2.402687e+00	2.134255e-02	5.117700e-05
2.405880e+00	2.141651e-02	0.000000e+00
2.410692e+00	2.144188e-02	0.000000e+00
2.415513e+00	2.145057e-02	0.000000e+00
2.420344e+00	2.146945e-02	0.000000e+00
2.425185e+00	2.145819e-02	0.000000e+00
2.430035e+00	2.148765e-02	0.000000e+00
2.434798e+00	2.148865e-02	5.045067e-05
2.434895e+00	2.154000e-02	0.000000e+00
2.439765e+00	2.145677e-02	0.000000e+00
2.444644e+00	2.155284e-02	0.000000e+00
2.449534e+00	2.157188e-02	0.000000e+00
2.454433e+00	2.157939e-02	0.000000e+00
2.459342e+00	2.159168e-02	0.000000e+00
2.464260e+00	2.152484e-02	0.000000e+00
2.466562e+00	2.155390e-02	5.117302e-05
2.468754e+00	2.167092e-02	2.058999e-04
2.469189e+00	2.157892e-02	0.000000e+00
2.474127e+00	2.168181e-02	0.000000e+00
2.479075e+00	2.162691e-02	0.000000e+00
2.484034e+00	2.159727e-02	0.000000e+00
2.489002e+00	2.177584e-02	0.000000e+00
2.493980e+00	2.161249e-02	0.000000e+00
2.497991e+00	2.171630e-02	5.458728e-05
2.498968e+00	2.169370e-02	0.000000e+00
2.503966e+00	2.175692e-02	0.000000e+00
2.508974e+00	2.177452e-02	0.000000e+00
2.513991e+00	2.185666e-02	0.000000e+00
2.519019e+00	2.167797e-02	0.000000e+00
2.524057e+00	2.186013e-02	0.000000e+00
2.529090e+00	2.166694e-02	5.787264e-05
2.529106e+00	2.177462e-02	0.000000e+00
2.534164e+00	2.182736e-02	0.000000e+00
2.539232e+00	2.184746e-02	0.000000e+00
2.544311e+00	2.183728e-02	0.000000e+00
2.549399e+00	2.186317e-02	0.000000e+00
2.553384e+00	2.170398e-02	2.327986e-04
2.554498e+00	2.188449e-02	0.000000e+00
2.559607e+00	2.186014e-02	0.000000e+00
2.559866e+00	2.195419e-02	5.877361e-05
2.564726e+00	2.192999e-02	0.000000e+00
2.569856e+00	2.179337e-02	0.000000e+00
2.574995e+00	2.193721e-02	0.000000e+00
2.580145e+00	2.180970e-02	0.000000e+00
2.585306e+00	2.191717e-02	0.000000e+00
2.590327e+00	2.186396e-02	5.867548e-05
2.590476e+00	2.186724e-02	0.000000e+00
2.595657e+00	2.192312e-02	0.000000e+00
2.600849e+00	2.184793e-02	0.000000e+00
2.606050e+00	2.180979e-02	0.000000e+00
2.611262e+00	2.177007e-02	0.000000e+00
2.616485e+00	2.191382e-02	0.000000e+00
2.620479e+00	2.188554e-02	5.789597e-05
2.621718e+00	2.180364e-02	0.000000e+00
2.626961e+00	2.184763e-02	0.000000e+00
2.632215e+00	2.197103e-02	0.000000e+00
2.637480e+00	2.172915e-02	0.000000e+00
2.642755e+00	2.191213e-02	0.000000e+00
2.648040e+00	2.185491e-02	0.000000e+00
2.650331e+00	2.213028e-02	5.830273e-05
2.651869e+00	2.199702e-02	2.490435e-04
2.653336e+00	2.193908e-02	0.000000e+00
2.658643e+00	2.197844e-02	0.000000e+00
2.663960e+00	2.209404e-02	0.000000e+00
2.669288e+00	2.222896e-02	0.000000e+00
2.674627e+00	2.228504e-02	0.000000e+00
2.679888e+00	2.203719e-02	5.910138e-05
2.679976e+00	2.220247e-02	0.000000e+00
2.685336e+00	2.224096e-02	0.000000e+00
2.690707e+00	2.217402e-02	0.000000e+00
2.696088e+00	2.239657e-02	0.000000e+00
2.701480e+00	2.222966e-02	0.000000e+00
2.706883e+00	2.228627e-02	0.000000e+00
2.709157e+00	2.222589e-02	6.016029e-05
2.712297e+00	2.224851e-02	0.000000e+00
2.717721e+00	2.223154e-02	0.000000e+00
2.723157e+00	2.223859e-02	0.000000e+00
2.728603e+00	2.216937e-02	0.000000e+00
2.734060e+00	2.212897e-02	0.000000e+00
2.738145e+00	2.207204e-02	6.268885e-05
2.739529e+00	2.222343e-02	0.000000e+00
2.745008e+00	2.207896e-02	0.000000e+00
2.750498e+00	2.205844e-02	0.000000e+00
2.755999e+00	2.211359e-02	0.000000e+00
2.761511e+00	2.205983e-02	0.000000e+00
2.766858e+00	2.205073e-02	6.308124e-05
2.767034e+00	2.210186e-02	0.000000e+00
2.770424e+00	2.210203e-02	2.870724e-04
2.772568e+00	2.206535e-02	0.000000e+00
2.778113e+00	2.225539e-02	0.000000e+00
2.783669e+00	2.210239e-02	0.000000e+00
2.789236e+00	2.220116e-02	0.000000e+00
2.794815e+00	2.206984e-02	0.000000e+00
2.795304e+00	2.209549e-02	6.581724e-05
2.800404e+00	2.209447e-02	0.000000e+00
2.806005e+00	2.219100e-02	0.000000e+00
2.811617e+00	2.215389e-02	0.000000e+00
2.817241e+00	2.215404e-02	0.000000e+00
2.822875e+00	2.221750e-02	0.000000e+00
2.823486e+00	2.234277e-02	6.685530e-05
2.828521e+00	2.201376e-02	0.000000e+00
2.834178e+00	2.218134e-02	0.000000e+00
2.839846e+00	2.216319e-02	0.000000e+00
2.845526e+00	2.210483e-02	0.000000e+00
2.851217e+00	2.211822e-02	0.000000e+00
2.851412e+00	2.220102e-02	6.835894e-05
2.856919e+00	2.215596e-02	0.000000e+00
2.862633e+00	2.204413e-02	0.000000e+00
2.868358e+00	2.202605e-02	0.000000e+00
2.874095e+00	2.204565e-02	0.000000e+00
2.879088e+00	2.213728e-02	7.020746e-05
2.879843e+00	2.201763e-02	0.000000e+00
2.885603e+00	2.199443e-02	0.000000e+00
2.891374e+00	2.206537e-02	0.000000e+00
2.897157e+00	2.193342e-02	0.000000e+00
2.902951e+00	2.202451e-02	0.000000e+00
2.906517e+00	2.209677e-02	7.209655e-05
2.908757e+00	2.212912e-02	0.000000e+00
2.914575e+00	2.194648e-02	0.000000e+00
2.920404e+00	2.193396e-02	0.000000e+00
2.926245e+00	2.189960e-02	0.000000e+00
2.932097e+00	2.189851e-02	0.000000e+00
2.933708e+00	2.196864e-02	7.313506e-05
2.937961e+00	2.185760e-02	0.000000e+00
2.943837e+00	2.184590e-02	0.000000e+00
2.949725e+00	2.196214e-02	0.000000e+00
2.955624e+00	2.190369e-02	0.000000e+00
2.960663e+00	2.190240e-02	7.547025e-05
2.961536e+00	2.186074e-02	0.000000e+00
2.967459e+00	2.190064e-02	0.000000e+00
2.973394e+00	2.186343e-02	0.000000e+00
2.979340e+00	2.176373e-02	0.000000e+00
2.985299e+00	2.179433e-02	0.000000e+00
2.987388e+00	2.188225e-02	7.347860e-05
2.991270e+00	2.187621e-02	0.000000e+00
2.997252e+00	2.175404e-02	0.000000e+00
3.003247e+00	2.178807e-02	0.000000e+00
3.009253e+00	2.192457e-02	0.000000e+00
3.013890e+00	2.184541e-02	7.624720e-05
3.015272e+00	2.171264e-02	0.000000e+00
3.021302e+00	2.177735e-02	0.000000e+00
3.027345e+00	2.170073e-02	0.000000e+00
3.033400e+00	2.179638e-02	0.000000e+00
3.039466e+00	2.170512e-02	0.000000e+00
3.040171e+00	2.193311e-02	7.598603e-05
3.045545e+00	2.178621e-02	0.000000e+00
3.051636e+00	2.181236e-02	0.000000e+00
3.057740e+00	2.164974e-02	0.000000e+00
3.063855e+00	2.167116e-02	0.000000e+00
3.066237e+00	2.178990e-02	7.636504e-05
3.069983e+00	2.168938e-02	0.000000e+00
3.076123e+00	2.162947e-02	0.000000e+00
3.082275e+00	2.162000e-02	0.000000e+00
3.088440e+00	2.163526e-02	0.000000e+00
3.092092e+00	2.180231e-02	7.793031e-05
3.094617e+00	2.174559e-02	0.000000e+00
3.100806e+00	2.153473e-02	0.000000e+00
3.107007e+00	2.169729e-02	0.000000e+00
3.113221e+00	2.162826e-02	0.000000e+00
3.117741e+00	2.155643e-02	7.844801e-05
3.119448e+00	2.159924e-02	0.000000e+00
3.125687e+00	2.154473e-02	0.000000e+00
3.131938e+00	2.158554e-02	0.000000e+00
3.138202e+00	2.160454e-02	0.000000e+00
3.143188e+00	2.167605e-02	8.235316e-05
3.144478e+00	2.163135e-02	0.000000e+00
3.150767e+00	2.153808e-02	0.000000e+00
3.157069e+00	2.158304e-02	0.000000e+00
3.163383e+00	2.148052e-02	0.000000e+00
3.168437e+00	2.164879e-02	8.196132e-05
3.169710e+00	2.156769e-02	0.000000e+00
3.176049e+00	2.157270e-02	0.000000e+00
3.182401e+00	2.145554e-02	0.000000e+00
3.188766e+00	2.149393e-02	0.000000e+00
3.193492e+00	2.160909e-02	8.312687e-05
3.195144e+00	2.158638e-02	0.000000e+00
3.201534e+00	2.165277e-02	0.000000e+00
3.207937e+00	2.150305e-02	0.000000e+00
3.214353e+00	2.151832e-02	0.000000e+00
3.218357e+00	2.169168e-02	8.339298e-05
3.220782e+00	2.149296e-02	0.000000e+00
3.227223e+00	2.150530e-02	0.000000e+00
3.233678e+00	2.145793e-02	0.000000e+00
3.240145e+00	2.148600e-02	0.000000e+00
3.243035e+00	2.146637e-02	8.588384e-05
3.246625e+00	2.151420e-02	0.000000e+00
3.253118e+00	2.139961e-02	0.000000e+00
3.259625e+00	2.135174e-02	0.000000e+00
3.266144e+00	2.143620e-02	0.000000e+00
3.267531e+00	2.141857e-02	8.523464e-05
3.272676e+00	2.144354e-02	0.000000e+00
3.279222e+00	2.148449e-02	0.000000e+00
3.285780e+00	2.142741e-02	0.000000e+00
3.291848e+00	2.132818e-02	8.672166e-05
3.292352e+00	2.140409e-02	0.000000e+00
3.298936e+00	2.149409e-02	0.000000e+00
3.305534e+00	2.144639e-02	0.000000e+00
3.312145e+00	2.142353e-02	0.000000e+00
3.315989e+00	2.142655e-02	8.873627e-05
3.318770e+00	2.147290e-02	0.000000e+00
3.325407e+00	2.140521e-02	0.000000e+00
3.332058e+00	2.136498e-02	0.000000e+00
3.338722e+00	2.143048e-02	0.000000e+00
3.339958e+00	2.136668e-02	9.003231e-05
3.345399e+00	2.146379e-02	0.000000e+00
3.352090e+00	2.142687e-02	0.000000e+00
3.358794e+00	2.141682e-02	0.000000e+00
3.363757e+00	2.158284e-02	9.248546e-05
3.365512e+00	2.137586e-02	0.000000e+00
3.372243e+00	2.139313e-02	0.000000e+00
3.378988e+00	2.142656e-02	0.000000e+00
3.385745e+00	2.143237e-02	0.000000e+00
3.387390e+00	2.152769e-02	9.213551e-05
3.392517e+00	2.137743e-02	0.000000e+00
3.399302e+00	2.143277e-02	0.000000e+00
3.406101e+00	2.145342e-02	0.000000e+00
3.410861e+00	2.140809e-02	9.464393e-05
3.412913e+00	2.137639e-02	0.000000e+00
3.419739e+00	2.142582e-02	0.000000e+00
3.426578e+00	2.136974e-02	0.000000e+00
3.433431e+00	2.139364e-02	0.000000e+00
3.434171e+00	2.149093e-02	9.543886e-05
3.440298e+00	2.139772e-02	0.000000e+00
3.447179e+00	2.135745e-02	0.000000e+00
3.454073e+00	2.136645e-02	0.000000e+00
3.457324e+00	2.138894e-02	9.535127e-05
3.460981e+00	2.137456e-02	0.000000e+00
3.467903e+00	2.133745e-02	0.000000e+00
3.474839e+00	2.139140e-02	0.000000e+00
3.480324e+00	2.148410e-02	9.819015e-05
3.481789e+00	2.135244e-02	0.000000e+00
3.488752e+00	2.137095e-02	0.000000e+00
3.495730e+00	2.139387e-02	0.000000e+00
3.502721e+00	2.130300e-02	0.000000e+00
3.503171e+00	2.134812e-02	9.807497e-05
3.509727e+00	2.134981e-02	0.000000e+00
3.516746e+00	2.136279e-02	0.000000e+00
3.523780e+00	2.131862e-02	0.000000e+00
3.525870e+00	2.146552e-02	9.996750e-05
3.530827e+00	2.132941e-02	0.000000e+00
3.537889e+00	2.131283e-02	0.000000e+00
3.544965e+00	2.139658e-02	0.000000e+00
3.548422e+00	2.137214e-02	1.007176e-04
3.552055e+00	2.127895e-02	0.000000e+00
3.559159e+00	2.131584e-02	0.000000e+00
3.560000e+00	2.107737e-02	1.761400e-04
3.566277e+00	2.128579e-02	0.000000e+00
3.570831e+00	2.141103e-02	1.025091e-04
3.573410e+00	2.131281e-02	0.000000e+00
3.580556e+00	2.129291e-02	0.000000e+00
3.587717e+00	2.128453e-02	0.000000e+00
3.593098e+00	2.159050e-02	1.036661e-04
3.594893e+00	2.129380e-02	0.000000e+00
3.602083e+00	2.128693e-02	0.000000e+00
3.609287e+00	2.126863e-02	0.000000e+00
3.615227e+00	2.127239e-02	1.047606e-04
3.616505e+00	2.128809e-02	0.000000e+00
3.623738e+00	2.127925e-02	0.000000e+00
3.630986e+00	2.126817e-02	0.000000e+00
3.637218e+00	2.149285e-02	1.061202e-04
3.638248e+00	2.127518e-02	0.000000e+00
3.645524e+00	2.124169e-02	0.000000e+00
3.652815e+00	2.125976e-02	0.000000e+00
3.659076e+00	2.136001e-02	1.067340e-04
3.660121e+00	2.126706e-02	0.000000e+00
3.667441e+00	2.125741e-02	0.000000e+00
3.674776e+00	2.125406e-02	0.000000e+00
3.680800e+00	2.151795e-02	1.124340e-04
3.682126e+00	2.126307e-02	0.000000e+00
3.689490e+00	2.124039e-02	0.000000e+00
3.696869e+00	2.124575e-02	0.000000e+00
3.702395e+00	2.115105e-02	1.122313e-04
3.704263e+00	2.124401e-02	0.000000e+00
3.711671e+00	2.124859e-02	0.000000e+00
3.719095e+00	2.122371e-02	0.000000e+00
3.723863e+00	2.130140e-02	1.127427e-04
3.726533e+00	2.123873e-02	0.000000e+00
3.733986e+00	2.125347e-02	0.000000e+00
3.741454e+00	2.123099e-02	0.000000e+00
3.745204e+00	2.132395e-02	1.136002e-04
3.748937e+00	2.124027e-02	0.000000e+00
3.756435e+00	2.123247e-02	0.000000e+00
3.763947e+00	2.124413e-02	0.000000e+00
3.766421e+00	2.131256e-02	1.165020e-04
3.771475e+00	2.121340e-02	0.000000e+00
3.779018e+00	2.119937e-02	0.000000e+00
3.786576e+00	2.123534e-02	0.000000e+00
3.787516e+00	2.103889e-02	1.160684e-04
3.794149e+00	2.122518e-02	0.000000e+00
3.801738e+00	2.121925e-02	0.000000e+00
3.808491e+00	2.142178e-02	1.178479e-04
3.809341e+00	2.122959e-02	0.000000e+00
3.816960e+00	2.119526e-02	0.000000e+00
3.824594e+00	2.122306e-02	0.000000e+00
3.829349e+00	2.132023e-02	1.221249e-04
3.832243e+00	2.122070e-02	0.000000e+00
3.839908e+00	2.120994e-02	0.000000e+00
3.847587e+00	2.118022e-02	0.000000e+00
3.850089e+00	2.126294e-02	1.222854e-04
3.855283e+00	2.119409e-02	0.000000e+00
3.862993e+00	2.118067e-02	0.000000e+00
3.870714e+00	2.121896e-02	1.246928e-04
3.870719e+00	2.119376e-02	0.000000e+00
3.878460e+00	2.117203e-02	0.000000e+00
3.886217e+00	2.119350e-02	0.000000e+00
3.891226e+00	2.118125e-02	1.250871e-04
3.893990e+00	2.120006e-02	0.000000e+00
3.901778e+00	2.118389e-02	0.000000e+00
3.909581e+00	2.119699e-02	0.000000e+00
3.911628e+00	2.117965e-02	1.281309e-04
3.917401e+00	2.118281e-02	0.000000e+00
3.925235e+00	2.117258e-02	0.000000e+00
3.931919e+00	2.131345e-02	1.295884e-04
3.933086e+00	2.118037e-02	0.000000e+00
3.940952e+00	2.119253e-02	0.000000e+00
3.948834e+00	2.126616e-02	0.000000e+00
3.952102e+00	2.123830e-02	1.339389e-04
3.956732e+00	2.130985e-02	0.000000e+00
3.964645e+00	2.140106e-02	0.000000e+00
3.972179e+00	2.131977e-02	1.310529e-04
3.972574e+00	2.143503e-02	0.000000e+00
3.980519e+00	2.147971e-02	0.000000e+00
3.988481e+00	2.144799e-02	0.000000e+00
3.992150e+00	2.153363e-02	1.320390e-04
3.996457e+00	2.139071e-02	0.000000e+00
4.004450e+00	2.151578e-02	0.000000e+00
4.012018e+00	2.165068e-02	1.358954e-04
4.012459e+00	2.147016e-02	0.000000e+00
4.020484e+00	2.148999e-02	0.000000e+00
4.028525e+00	2.152222e-02	0.000000e+00
4.031784e+00	2.164368e-02	1.360468e-04
4.036582e+00	2.144908e-02	0.000000e+00
4.044655e+00	2.150570e-02	0.000000e+00
4.051449e+00	2.160133e-02	1.357557e-04
4.052745e+00	2.149548e-02	0.000000e+00
4.060850e+00	2.153065e-02	0.000000e+00
4.068972e+00	2.146272e-02	0.000000e+00
4.071015e+00	2.138691e-02	1.380161e-04
4.077110e+00	2.149568e-02	0.000000e+00
4.085264e+00	2.149905e-02	0.000000e+00
4.090483e+00	2.143083e-02	1.412608e-04
4.093435e+00	2.144062e-02	0.000000e+00
4.101621e+00	2.145072e-02	0.000000e+00
4.109825e+00	2.141921e-02	0.000000e+00
4.109854e+00	2.106130e-02	1.457226e-04
4.118044e+00	2.141323e-02	0.000000e+00
4.126280e+00	2.140113e-02	0.000000e+00
4.129129e+00	2.126309e-02	1.435724e-04
4.134533e+00	2.138421e-02	0.000000e+00
4.142802e+00	2.134872e-02	0.000000e+00
4.148310e+00	2.135408e-02	1.440716e-04
4.151088e+00	2.132588e-02	0.000000e+00
4.159390e+00	2.140699e-02	0.000000e+00
4.167399e+00	2.161879e-02	1.457227e-04
4.167709e+00	2.138485e-02	0.000000e+00
4.176044e+00	2.148567e-02	0.000000e+00
4.184396e+00	2.150721e-02	0.000000e+00
4.186396e+00	2.151321e-02	1.467138e-04
4.192765e+00	2.156394e-02	0.000000e+00
4.201150e+00	2.164643e-02	0.000000e+00
4.205302e+00	2.176508e-02	1.505776e-04
4.209553e+00	2.176485e-02	0.000000e+00
4.217972e+00	2.192759e-02	0.000000e+00
4.224120e+00	2.208194e-02	1.503513e-04
4.226408e+00	2.196635e-02	0.000000e+00
4.234861e+00	2.207911e-02	0.000000e+00
4.242848e+00	2.215848e-02	1.518180e-04
4.243330e+00	2.222528e-02	0.000000e+00
4.251817e+00	2.231264e-02	0.000000e+00
4.260321e+00	2.237299e-02	0.000000e+00
4.261490e+00	2.260652e-02	1.535384e-04
4.268841e+00	2.248378e-02	0.000000e+00
4.277379e+00	2.250584e-02	0.000000e+00
4.280046e+00	2.272189e-02	1.545699e-04
4.285934e+00	2.259134e-02	0.000000e+00
4.294506e+00	2.261238e-02	0.000000e+00
4.298516e+00	2.271328e-02	1.562246e-04
4.303095e+00	2.276945e-02	0.000000e+00
4.311701e+00	2.273116e-02	0.000000e+00
4.316903e+00	2.278516e-02	1.592792e-04
4.320324e+00	2.272822e-02	0.000000e+00
4.328965e+00	2.279892e-02	0.000000e+00
4.335208e+00	2.277344e-02	1.602395e-04
4.337623e+00	2.274434e-02	0.000000e+00
4.346298e+00	2.282620e-02	0.000000e+00
4.353430e+00	2.299479e-02	1.642042e-04
4.354991e+00	2.279151e-02	0.000000e+00
4.363701e+00	2.275386e-02	0.000000e+00
4.371571e+00	2.288750e-02	1.681702e-04
4.372428e+00	2.278699e-02	0.000000e+00
4.381173e+00	2.280382e-02	0.000000e+00
4.389633e+00	2.290527e-02	1.690280e-04
4.389935e+00	2.272516e-02	0.000000e+00
4.398715e+00	2.277363e-02	0.000000e+00
4.407512e+00	2.273689e-02	0.000000e+00
4.407615e+00	2.290570e-02	1.726441e-04
4.416328e+00	2.268893e-02	0.000000e+00
4.425160e+00	2.267124e-02	0.000000e+00
4.425519e+00	2.297067e-02	1.731313e-04
4.434010e+00	2.263014e-02	0.000000e+00
4.442878e+00	2.259733e-02	0.000000e+00
4.443347e+00	2.262499e-02	1.752408e-04
4.451764e+00	2.257294e-02	0.000000e+00
4.460668e+00	2.248829e-02	0.000000e+00
4.461098e+00	2.204081e-02	1.746766e-04
4.469589e+00	2.251815e-02	0.000000e+00
4.478528e+00	2.240634e-02	0.000000e+00
4.478774e+00	2.245570e-02	1.782772e-04
4.487485e+00	2.238911e-02	0.000000e+00
4.496375e+00	2.249621e-02	1.787341e-04
4.496460e+00	2.236284e-02	0.000000e+00
4.500000e+00	2.172042e-02	2.140200e-04
4.505453e+00	2.229358e-02	0.000000e+00
4.513903e+00	2.203094e-02	1.814124e-04
4.514464e+00	2.223673e-02	0.000000e+00
4.523493e+00	2.221135e-02	0.000000e+00
4.531357e+00	2.180858e-02	1.839192e-04
4.532540e+00	2.217504e-02	0.000000e+00
4.541605e+00	2.212176e-02	0.000000e+00
4.548740e+00	2.222566e-02	1.889229e-04
4.550688e+00	2.201103e-02	0.000000e+00
4.559790e+00	2.198524e-02	0.000000e+00
4.566051e+00	2.196574e-02	1.900202e-04
4.568909e+00	2.199998e-02	0.000000e+00
4.578047e+00	2.189471e-02	0.000000e+00
4.587203e+00	2.181945e-02	0.000000e+00
4.587592e+00	2.188597e-02	1.575191e-04
4.596378e+00	2.178928e-02	0.000000e+00
4.605570e+00	2.182483e-02	0.000000e+00
4.613298e+00	2.180173e-02	1.625513e-04
4.614782e+00	2.173362e-02	0.000000e+00
4.624011e+00	2.171738e-02	0.000000e+00
4.633259e+00	2.169428e-02	0.000000e+00
4.638849e+00	2.172502e-02	1.604104e-04
4.642526e+00	2.169605e-02	0.000000e+00
4.651811e+00	2.166606e-02	0.000000e+00
4.661114e+00	2.161301e-02	0.000000e+00
4.664250e+00	2.170110e-02	1.620021e-04
4.670437e+00	2.161997e-02	0.000000e+00
4.679777e+00	2.162362e-02	0.000000e+00
4.689137e+00	2.149233e-02	0.000000e+00
4.689501e+00	2.183099e-02	1.644426e-04
4.698515e+00	2.158903e-02	0.000000e+00
4.707912e+00	2.163538e-02	0.000000e+00
4.714606e+00	2.199221e-02	1.682559e-04
4.717328e+00	2.162099e-02	0.000000e+00
4.726763e+00	2.163831e-02	0.000000e+00
4.736216e+00	2.154755e-02	0.000000e+00
4.739566e+00	2.187311e-02	1.723360e-04
4.745689e+00	2.158149e-02	0.000000e+00
4.755180e+00	2.151069e-02	0.000000e+00
4.764384e+00	2.190059e-02	1.699275e-04
4.764690e+00	2.160790e-02	0.000000e+00
4.774220e+00	2.165359e-02	0.000000e+00
4.783768e+00	2.167037e-02	0.000000e+00
4.789063e+00	2.188483e-02	1.702489e-04
4.793336e+00	2.157941e-02	0.000000e+00
4.802922e+00	2.151370e-02	0.000000e+00
4.812528e+00	2.161611e-02	0.000000e+00
4.813603e+00	2.188432e-02	1.778048e-04
4.822153e+00	2.160835e-02	0.000000e+00
4.831798e+00	2.155766e-02	0.000000e+00
4.838007e+00	2.170417e-02	1.854192e-04
4.841461e+00	2.156689e-02	0.000000e+00
4.851144e+00	2.152151e-02	0.000000e+00
4.860846e+00	2.156136e-02	0.000000e+00
4.862278e+00	2.178112e-02	1.826535e-04
4.870568e+00	2.155590e-02	0.000000e+00
4.880309e+00	2.153351e-02	0.000000e+00
4.886417e+00	2.167356e-02	1.809505e-04
4.890070e+00	2.154978e-02	0.000000e+00
4.899850e+00	2.154734e-02	0.000000e+00
4.909650e+00	2.152078e-02	0.000000e+00
4.910426e+00	2.153560e-02	1.891765e-04
4.919469e+00	2.148309e-02	0.000000e+00
4.929308e+00	2.154755e-02	0.000000e+00
4.934307e+00	2.171138e-02	1.907842e-04
4.939167e+00	2.161160e-02	0.000000e+00
4.949045e+00	2.150931e-02	0.000000e+00
4.958061e+00	2.181672e-02	1.919651e-04
4.958943e+00	2.158576e-02	0.000000e+00
4.968861e+00	2.159804e-02	0.000000e+00
4.978799e+00	2.150931e-02	0.000000e+00
4.981691e+00	2.170019e-02	1.920798e-04
4.988756e+00	2.145225e-02	0.000000e+00
4.998734e+00	2.161329e-02	0.000000e+00
5.005198e+00	2.154274e-02	1.984565e-04
5.008731e+00	2.145421e-02	0.000000e+00
5.018749e+00	2.165705e-02	0.000000e+00
5.028786e+00	2.156475e-02	0.000000e+00
5.032470e+00	2.135742e-02	1.735675e-04
5.038844e+00	2.150006e-02	0.000000e+00
5.048921e+00	2.148612e-02	0.000000e+00
5.059019e+00	2.155865e-02	0.000000e+00
5.063439e+00	2.176323e-02	1.771803e-04
5.069137e+00	2.150878e-02	0.000000e+00
5.079276e+00	2.161910e-02	0.000000e+00
5.089434e+00	2.146779e-02	0.000000e+00
5.094201e+00	2.152065e-02	1.880071e-04
5.099613e+00	2.144381e-02	0.000000e+00
5.109812e+00	2.173006e-02	0.000000e+00
5.120032e+00	2.145972e-02	0.000000e+00
5.124758e+00	2.156219e-02	1.848489e-04
5.130272e+00	2.160923e-02	0.000000e+00
5.140532e+00	2.164820e-02	0.000000e+00
5.150814e+00	2.158363e-02	0.000000e+00
5.155114e+00	2.170278e-02	1.900259e-04
5.161115e+00	2.157311e-02	0.000000e+00
5.171437e+00	2.161650e-02	0.000000e+00
5.181780e+00	2.146949e-02	0.000000e+00
5.185273e+00	2.148350e-02	1.945398e-04
5.192144e+00	2.153751e-02	0.000000e+00
5.202528e+00	2.162867e-02	0.000000e+00
5.212933e+00	2.161177e-02	0.000000e+00
5.215237e+00	2.152052e-02	1.909611e-04
5.223359e+00	2.162958e-02	0.000000e+00
5.233806e+00	2.144850e-02	0.000000e+00
5.244273e+00	2.159535e-02	0.000000e+00
5.245011e+00	2.174615e-02	1.983442e-04
5.254762e+00	2.158482e-02	0.000000e+00
5.265271e+00	2.154246e-02	0.000000e+00
5.274598e+00	2.168441e-02	1.981638e-04
5.275802e+00	2.171181e-02	0.000000e+00
5.286354e+00	2.155221e-02	0.000000e+00
5.296926e+00	2.160707e-02	0.000000e+00
5.307520e+00	2.159450e-02	0.000000e+00
5.307662e+00	2.146958e-02	1.845100e-04
5.318135e+00	2.154965e-02	0.000000e+00
5.328771e+00	2.145842e-02	0.000000e+00
5.339429e+00	2.156069e-02	0.000000e+00
5.344132e+00	2.139915e-02	2.096310e-04
5.350108e+00	2.176254e-02	0.000000e+00
5.360808e+00	2.159742e-02	0.000000e+00
5.371530e+00	2.157705e-02	0.000000e+00
5.382273e+00	2.155580e-02	0.000000e+00
5.393037e+00	2.166661e-02	0.000000e+00
5.403823e+00	2.163376e-02	0.000000e+00
5.414631e+00	2.180347e-02	0.000000e+00
5.425460e+00	2.176747e-02	0.000000e+00
5.436311e+00	2.158101e-02	0.000000e+00
5.447184e+00	2.157540e-02	0.000000e+00
5.458078e+00	2.161603e-02	0.000000e+00
5.468994e+00	2.163445e-02	0.000000e+00
5.479932e+00	2.161794e-02	0.000000e+00
5.490892e+00	2.161581e-02	0.000000e+00
5.501874e+00	2.154132e-02	0.000000e+00
5.512878e+00	2.164579e-02	0.000000e+00
5.523904e+00	2.176242e-02	0.000000e+00
5.534951e+00	2.164339e-02	0.000000e+00
5.546021e+00	2.171701e-02	0.000000e+00
5.557113e+00	2.164793e-02	0.000000e+00
5.568227e+00	2.174120e-02	0.000000e+00
5.579364e+00	2.167803e-02	0.000000e+00
5.590523e+00	2.162270e-02	0.000000e+00
5.601704e+00	2.160521e-02	0.000000e+00
5.612907e+00	2.169817e-02	0.000000e+00
5.624133e+00	2.160749e-02	0.000000e+00
5.635381e+00	2.155550e-02	0.000000e+00
5.646652e+00	2.170075e-02	0.000000e+00
5.657945e+00	2.166309e-02	0.000000e+00
5.669261e+00	2.160964e-02	0.000000e+00
5.680600e+00	2.168017e-02	0.000000e+00
5.691961e+00	2.172384e-02	0.000000e+00
5.703345e+00	2.155275e-02	0.000000e+00
5.714751e+00	2.179245e-02	0.000000e+00
5.726181e+00	2.172293e-02	0.000000e+00
5.737633e+00	2.169942e-02	0.000000e+00
5.749109e+00	2.153372e-02	0.000000e+00
5.760607e+00	2.168413e-02	0.000000e+00
5.772128e+00	2.170059e-02	0.000000e+00
5.783672e+00	2.176004e-02	0.000000e+00
5.795240e+00	2.153924e-02	0.000000e+00
5.806830e+00	2.158727e-02	0.000000e+00
5.818444e+00	2.169801e-02	0.000000e+00
5.830081e+00	2.175688e-02	0.000000e+00
5.841741e+00	2.170324e-02	0.000000e+00
5.853424e+00	2.157857e-02	0.000000e+00
5.865131e+00	2.167145e-02	0.000000e+00
5.876861e+00	2.170534e-02	0.000000e+00
5.888615e+00	2.164063e-02	0.000000e+00
5.900392e+00	2.183003e-02	0.000000e+00
5.912193e+00	2.157126e-02	0.000000e+00
5.924018e+00	2.156466e-02	0.000000e+00
5.935866e+00	2.172224e-02	0.000000e+00
5.947737e+00	2.173800e-02	0.000000e+00
5.959633e+00	2.150419e-02	0.000000e+00
5.971552e+00	2.172254e-02	0.000000e+00
5.983495e+00	2.151685e-02	0.000000e+00
5.995462e+00	2.156718e-02	0.000000e+00
6.007453e+00	2.147854e-02	0.000000e+00
6.019468e+00	2.161922e-02	0.000000e+00
6.031507e+00	2.160736e-02	0.000000e+00
6.043570e+00	2.168148e-02	0.000000e+00
6.055657e+00	2.170610e-02	0.000000e+00
6.067768e+00	2.152755e-02	0.000000e+00
6.079904e+00	2.148308e-02	0.000000e+00
6.092064e+00	2.149607e-02	0.000000e+00
6.104248e+00	2.154836e-02	0.000000e+00
6.116456e+00	2.166237e-02	0.000000e+00
6.128689e+00	2.135921e-02	0.000000e+00
6.140947e+00	2.146204e-02	0.000000e+00
6.153229e+00	2.158790e-02	0.000000e+00
6.165535e+00	2.161143e-02	0.000000e+00
6.177866e+00	2.147179e-02	0.000000e+00
6.190222e+00	2.146451e-02	0.000000e+00
6.202602e+00	2.146160e-02	0.000000e+00
6.215007e+00	2.146219e-02	0.000000e+00
6.227437e+00	2.143945e-02	0.000000e+00
6.239892e+00	2.158967e-02	0.000000e+00
6.252372e+00	2.140730e-02	0.000000e+00
6.264877e+00	2.150830e-02	0.000000e+00
6.277407e+00	2.147747e-02	0.000000e+00
6.289961e+00	2.143630e-02	0.000000e+00
6.302541e+00	2.140406e-02	0.000000e+00
6.315146e+00	2.150769e-02	0.000000e+00
6.327777e+00	2.138700e-02	0.000000e+00
6.340432e+00	2.155505e-02	0.000000e+00
6.353113e+00	2.149132e-02	0.000000e+00
6.365819e+00	2.138925e-02	0.000000e+00
6.378551e+00	2.146194e-02	0.000000e+00
6.391308e+00	2.151827e-02	0.000000e+00
6.404091e+00	2.152211e-02	0.000000e+00
6.416899e+00	2.174113e-02	0.000000e+00
6.429733e+00	2.157151e-02	0.000000e+00
6.442592e+00	2.144581e-02	0.000000e+00
6.455477e+00	2.160154e-02	0.000000e+00
6.468388e+00	2.165844e-02	0.000000e+00
6.481325e+00	2.183677e-02	0.000000e+00
6.494288e+00	2.170292e-02	0.000000e+00
6.507276e+00	2.167441e-02	0.000000e+00
6.520291e+00	2.171714e-02	0.000000e+00
6.533331e+00	2.167704e-02	0.000000e+00
6.546398e+00	2.169997e-02	0.000000e+00
6.559491e+00	2.176939e-02	0.000000e+00
6.572610e+00	2.188107e-02	0.000000e+00
6.585755e+00	2.167343e-02	0.000000e+00
6.598927e+00	2.198790e-02	0.000000e+00
6.612124e+00	2.175404e-02	0.000000e+00
6.625349e+00	2.212711e-02	0.000000e+00
6.638599e+00	2.195554e-02	0.000000e+00
6.651877e+00	2.175352e-02	0.000000e+00
6.665180e+00	2.176461e-02	0.000000e+00
6.678511e+00	2.180066e-02	0.000000e+00
6.691868e+00	2.183557e-02	0.000000e+00
6.705251e+00	2.164226e-02	0.000000e+00
6.718662e+00	2.182460e-02	0.000000e+00
6.732099e+00	2.164667e-02	0.000000e+00
6.745564e+00	2.172399e-02	0.000000e+00
6.759055e+00	2.160797e-02	0.000000e+00
6.772573e+00	2.177636e-02	0.000000e+00
6.786118e+00	2.176413e-02	0.000000e+00
6.799690e+00	2.170841e-02	0.000000e+00
6.813290e+00	2.183452e-02	0.000000e+00
6.826916e+00	2.178405e-02	0.000000e+00
6.840570e+00	2.178996e-02	0.000000e+00
6.854251e+00	2.181469e-02	0.000000e+00
6.867960e+00	2.180448e-02	0.000000e+00
6.881695e+00	2.178351e-02	0.000000e+00
6.895459e+00	2.156530e-02	0.000000e+00
6.909250e+00	2.164458e-02	0.000000e+00
6.923068e+00	2.168047e-02	0.000000e+00
6.936914e+00	2.166840e-02	0.000000e+00
6.950788e+00	2.161021e-02	0.000000e+00
6.964690e+00	2.179913e-02	0.000000e+00
6.978619e+00	2.155684e-02	0.000000e+00
6.992576e+00	2.152828e-02	0.000000e+00
7.006562e+00	2.170130e-02	0.000000e+00
7.020575e+00	2.176602e-02	0.000000e+00
7.034616e+00	2.155909e-02	0.000000e+00
7.048685e+00	2.185013e-02	0.000000e+00
7.062782e+00	2.168312e-02	0.000000e+00
7.076908e+00	2.182877e-02	0.000000e+00
7.091062e+00	2.188171e-02	0.000000e+00
7.105244e+00	2.199712e-02	0.000000e+00
7.119454e+00	2.209297e-02	0.000000e+00
7.133693e+00	2.206174e-02	0.000000e+00
7.147961e+00	2.216880e-02	0.000000e+00
7.162257e+00	2.219031e-02	0.000000e+00
7.176581e+00	2.232749e-02	0.000000e+00
7.190934e+00	2.230686e-02	0.000000e+00
7.205316e+00	2.246552e-02	0.000000e+00
7.219727e+00	2.243391e-02	0.000000e+00
7.234166e+00	2.251718e-02	0.000000e+00
7.248635e+00	2.254514e-02	0.000000e+00
7.263132e+00	2.256193e-02	0.000000e+00
7.277658e+00	2.256797e-02	0.000000e+00
7.292214e+00	2.258432e-02	0.000000e+00
7.306798e+00	2.254303e-02	0.000000e+00
7.321412e+00	2.251993e-02	0.000000e+00
7.336054e+00	2.257353e-02	0.000000e+00
7.350726e+00	2.256986e-02	0.000000e+00
7.365428e+00	2.258324e-02	0.000000e+00
7.380159e+00	2.257239e-02	0.000000e+00
7.394919e+00	2.254015e-02	0.000000e+00
7.409709e+00	2.256353e-02	0.000000e+00
7.424528e+00	2.255286e-02	0.000000e+00
7.439377e+00	2.257700e-02	0.000000e+00
7.454256e+00	2.254864e-02	0.000000e+00
7.469165e+00	2.260625e-02	0.000000e+00
7.484103e+00	2.255449e-02	0.000000e+00
7.499071e+00	2.253984e-02	0.000000e+00
7.514069e+00	2.250821e-02	0.000000e+00
7.529097e+00	2.254017e-02	0.000000e+00
7.544156e+00	2.254983e-02	0.000000e+00
7.559244e+00	2.246698e-02	0.000000e+00
7.574362e+00	2.254108e-02	0.000000e+00
7.589511e+00	2.255011e-02	0.000000e+00
7.604690e+00	2.257062e-02	0.000000e+00
7.619900e+00	2.254856e-02	0.000000e+00
7.635139e+00	2.249632e-02	0.000000e+00
7.650410e+00	2.247827e-02	0.000000e+00
7.665711e+00	2.247839e-02	0.000000e+00
7.681042e+00	2.241240e-02	0.000000e+00
7.696404e+00	2.239752e-02	0.000000e+00
7.711797e+00	2.243417e-02	0.000000e+00
7.727220e+00	2.232783e-02	0.000000e+00
7.742675e+00	2.244272e-02	0.000000e+00
7.758160e+00	2.226830e-02	0.000000e+00
7.773677e+00	2.221956e-02	0.000000e+00
7.789224e+00	2.214308e-02	0.000000e+00
7.804802e+00	2.217323e-02	0.000000e+00
7.820412e+00	2.196800e-02	0.000000e+00
7.836053e+00	2.195571e-02	0.000000e+00
7.851725e+00	2.194597e-02	0.000000e+00
7.867428e+00	2.196162e-02	0.000000e+00
7.883163e+00	2.190300e-02	0.000000e+00
7.898929e+00	2.192337e-02	0.000000e+00
7.914727e+00	2.177011e-02	0.000000e+00
7.930557e+00	2.170548e-02	0.000000e+00
7.946418e+00	2.164655e-02	0.000000e+00
7.962311e+00	2.182350e-02	0.000000e+00
7.978235e+00	2.175125e-02	0.000000e+00
7.994192e+00	2.162238e-02	0.000000e+00
8.010180e+00	2.169381e-02	0.000000e+00
8.026201e+00	2.167325e-02	0.000000e+00
8.042253e+00	2.173397e-02	0.000000e+00
8.058338e+00	2.165149e-02	0.000000e+00
8.074454e+00	2.172210e-02	0.000000e+00
8.090603e+00	2.163002e-02	0.000000e+00
8.106784e+00	2.173097e-02	0.000000e+00
8.122998e+00	2.169958e-02	0.000000e+00
8.139244e+00	2.164161e-02	0.000000e+00
8.155522e+00	2.179789e-02	0.000000e+00
8.171833e+00	2.173840e-02	0.000000e+00
8.188177e+00	2.175628e-02	0.000000e+00
8.204553e+00	2.182532e-02	0.000000e+00
8.220963e+00	2.172104e-02	0.000000e+00
8.237404e+00	2.176257e-02	0.000000e+00
8.253879e+00	2.176523e-02	0.000000e+00
8.270387e+00	2.179450e-02	0.000000e+00
8.286928e+00	2.176508e-02	0.000000e+00
8.303502e+00	2.169995e-02	0.000000e+00
8.320109e+00	2.181438e-02	0.000000e+00
8.336749e+00	2.183876e-02	0.000000e+00
8.353422e+00	2.183240e-02	0.000000e+00
8.370129e+00	2.187936e-02	0.000000e+00
8.386869e+00	2.190015e-02	0.000000e+00
8.403643e+00	2.180771e-02	0.000000e+00
8.420450e+00	2.189096e-02	0.000000e+00
8.437291e+00	2.192407e-02	0.000000e+00
8.454166e+00	2.193601e-02	0.000000e+00
8.471074e+00	2.186371e-02	0.000000e+00
8.488016e+00	2.198041e-02	0.000000e+00
8.504992e+00	2.199058e-02	0.000000e+00
8.522002e+00	2.199807e-02	0.000000e+00
8.539046e+00	2.200897e-02	0.000000e+00
8.556125e+00	2.200905e-02	0.000000e+00
8.573237e+00	2.200308e-02	0.000000e+00
8.590383e+00	2.198144e-02	0.000000e+00
8.607564e+00	2.188623e-02	0.000000e+00
8.624779e+00	2.195553e-02	0.000000e+00
8.642029e+00	2.190589e-02	0.000000e+00
8.659313e+00	2.184605e-02	0.000000e+00
8.676631e+00	2.191687e-02	0.000000e+00
8.693985e+00	2.178335e-02	0.000000e+00
8.711373e+00	2.176827e-02	0.000000e+00
8.728795e+00	2.179637e-02	0.000000e+00
8.746253e+00	2.171322e-02	0.000000e+00
8.763745e+00	2.180555e-02	0.000000e+00
8.781273e+00	2.172042e-02	0.000000e+00
8.798836e+00	2.184685e-02	0.000000e+00
8.816433e+00	2.177232e-02	0.000000e+00
8.834066e+00	2.179729e-02	0.000000e+00
8.851734e+00	2.183748e-02	0.000000e+00
8.869438e+00	2.181505e-02	0.000000e+00
8.887177e+00	2.186558e-02	0.000000e+00
8.904951e+00	2.180477e-02	0.000000e+00
8.922761e+00	2.192734e-02	0.000000e+00
8.940606e+00	2.191715e-02	0.000000e+00
8.958488e+00	2.190033e-02	0.000000e+00
8.976405e+00	2.193544e-02	0.000000e+00
8.994357e+00	2.193655e-02	0.000000e+00
9.012346e+00	2.183676e-02	0.000000e+00
9.030371e+00	2.187374e-02	0.000000e+00
9.048431e+00	2.182743e-02	0.000000e+00
9.066528e+00	2.186207e-02	0.000000e+00
9.084661e+00	2.186637e-02	0.000000e+00
9.102831e+00	2.182717e-02	0.000000e+00
9.121036e+00	2.180188e-02	0.000000e+00
9.139278e+00	2.178332e-02	0.000000e+00
9.157557e+00	2.180853e-02	0.000000e+00
9.175872e+00	2.177974e-02	0.000000e+00
9.194224e+00	2.175382e-02	0.000000e+00
9.212612e+00	2.174717e-02	0.000000e+00
9.231038e+00	2.170319e-02	0.000000e+00
9.249500e+00	2.175357e-02	0.000000e+00
9.267999e+00	2.166782e-02	0.000000e+00
9.286535e+00	2.169988e-02	0.000000e+00
9.305108e+00	2.164977e-02	0.000000e+00
9.323718e+00	2.160874e-02	0.000000e+00
9.342365e+00	2.160963e-02	0.000000e+00
9.361050e+00	2.156339e-02	0.000000e+00
9.379772e+00	2.159456e-02	0.000000e+00
9.398532e+00	2.159699e-02	0.000000e+00
9.417329e+00	2.154166e-02	0.000000e+00
9.436163e+00	2.159570e-02	0.000000e+00
9.455036e+00	2.156212e-02	0.000000e+00
9.473946e+00	2.152844e-02	0.000000e+00
9.492894e+00	2.151188e-02	0.000000e+00
9.511880e+00	2.148350e-02	0.000000e+00
9.530903e+00	2.145758e-02	0.000000e+00
9.549965e+00	2.141696e-02	0.000000e+00
9.569065e+00	2.147017e-02	0.000000e+00
9.588203e+00	2.145550e-02	0.000000e+00
9.607380e+00	2.145951e-02	0.000000e+00
9.626594e+00	2.144433e-02	0.000000e+00
9.645847e+00	2.143508e-02	0.000000e+00
9.665139e+00	2.139844e-02	0.000000e+00
9.684469e+00	2.140949e-02	0.000000e+00
9.703838e+00	2.139210e-02	0.000000e+00
9.723246e+00	2.138784e-02	0.000000e+00
9.742693e+00	2.132477e-02	0.000000e+00
9.762178e+00	2.132079e-02	0.000000e+00
9.781702e+00	2.134300e-02	0.000000e+00
9.801266e+00	2.129870e-02	0.000000e+00
9.820868e+00	2.138679e-02	0.000000e+00
9.840510e+00	2.127717e-02	0.000000e+00
9.860191e+00	2.133322e-02	0.000000e+00
9.879911e+00	2.134218e-02	0.000000e+00
9.899671e+00	2.144307e-02	0.000000e+00
9.919471e+00	2.130820e-02	0.000000e+00
9.939309e+00	2.124146e-02	0.000000e+00
9.959188e+00	2.129464e-02	0.000000e+00
9.979106e+00	2.126013e-02	0.000000e+00
9.999065e+00	2.125163e-02	0.000000e+00
1.001906e+01	2.131705e-02	0.000000e+00
1.003910e+01	2.125956e-02	0.000000e+00
1.005918e+01	2.129081e-02	0.000000e+00
1.007930e+01	2.127362e-02	0.000000e+00
1.009946e+01	2.126484e-02	0.000000e+00
1.011966e+01	2.125561e-02	0.000000e+00
1.013989e+01	2.121404e-02	0.000000e+00
1.016017e+01	2.121729e-02	0.000000e+00
1.018049e+01	2.124259e-02	0.000000e+00
1.020086e+01	2.116910e-02	0.000000e+00
1.022126e+01	2.126635e-02	0.000000e+00
1.024170e+01	2.121186e-02	0.000000e+00
1.026218e+01	2.122137e-02	0.000000e+00
1.028271e+01	2.127817e-02	0.000000e+00
1.030327e+01	2.126080e-02	0.000000e+00
1.032388e+01	2.126620e-02	0.000000e+00
1.034453e+01	2.125662e-02	0.000000e+00
1.036522e+01	2.124819e-02	0.000000e+00
1.038595e+01	2.125054e-02	0.000000e+00
1.040672e+01	2.135093e-02	0.000000e+00
1.042753e+01	2.135363e-02	0.000000e+00
1.044839e+01	2.124566e-02	0.000000e+00
1.046928e+01	2.128022e-02	0.000000e+00
1.049022e+01	2.128462e-02	0.000000e+00
1.051120e+01	2.123670e-02	0.000000e+00
1.053223e+01	2.123172e-02	0.000000e+00
1.055329e+01	2.126267e-02	0.000000e+00
1.057440e+01	2.134008e-02	0.000000e+00
1.059555e+01	2.129447e-02	0.000000e+00
1.061674e+01	2.127720e-02	0.000000e+00
1.063797e+01	2.125008e-02	0.000000e+00
1.065925e+01	2.126117e-02	0.000000e+00
1.068056e+01	2.120449e-02	0.000000e+00
1.070193e+01	2.122790e-02	0.000000e+00
1.072333e+01	2.125411e-02	0.000000e+00
1.074478e+01	2.123388e-02	0.000000e+00
1.076627e+01	2.131491e-02	0.000000e+00
1.078780e+01	2.124709e-02	0.000000e+00
1.080937e+01	2.119108e-02	0.000000e+00
1.083099e+01	2.121470e-02	0.000000e+00
1.085265e+01	2.124223e-02	0.000000e+00
1.087436e+01	2.129849e-02	0.000000e+00
1.089611e+01	2.128116e-02	0.000000e+00
1.091790e+01	2.120527e-02	0.000000e+00
1.093974e+01	2.131474e-02	0.000000e+00
1.096162e+01	2.122740e-02	0.000000e+00
1.098354e+01	2.141324e-02	0.000000e+00
1.100551e+01	2.130373e-02	0.000000e+00
1.102752e+01	2.134925e-02	0.000000e+00
1.104957e+01	2.129765e-02	0.000000e+00
1.107167e+01	2.126262e-02	0.000000e+00
1.109381e+01	2.122585e-02	0.000000e+00
1.111600e+01	2.125432e-02	0.000000e+00
1.113823e+01	2.123977e-02	0.000000e+00
1.116051e+01	2.128332e-02	0.000000e+00
1.118283e+01	2.126186e-02	0.000000e+00
1.120520e+01	2.126910e-02	0.000000e+00
1.122761e+01	2.129620e-02	0.000000e+00
1.125006e+01	2.123663e-02	0.000000e+00
1.127256e+01	2.127061e-02	0.000000e+00
1.129511e+01	2.121575e-02	0.000000e+00
1.131770e+01	2.135151e-02	0.000000e+00
1.134033e+01	2.124736e-02	0.000000e+00
1.136301e+01	2.124134e-02	0.000000e+00
1.138574e+01	2.124607e-02	0.000000e+00
1.140851e+01	2.121136e-02	0.000000e+00
1.143133e+01	2.123262e-02	0.000000e+00
1.145419e+01	2.126541e-02	0.000000e+00
1.147710e+01	2.125892e-02	0.000000e+00
1.150005e+01	2.119004e-02	0.000000e+00
1.152305e+01	2.122314e-02	0.000000e+00
1.154610e+01	2.131396e-02	0.000000e+00
1.156919e+01	2.126436e-02	0.000000e+00
1.159233e+01	2.124533e-02	0.000000e+00
1.161552e+01	2.125117e-02	0.000000e+00
1.163875e+01	2.137092e-02	0.000000e+00
1.166202e+01	2.124938e-02	0.000000e+00
1.168535e+01	2.125562e-02	0.000000e+00
1.170872e+01	2.129993e-02	0.000000e+00
1.173214e+01	2.141542e-02	0.000000e+00
1.175560e+01	2.137363e-02	0.000000e+00
1.177911e+01	2.130800e-02	0.000000e+00
1.180267e+01	2.124578e-02	0.000000e+00
1.182628e+01	2.131819e-02	0.000000e+00
1.184993e+01	2.123387e-02	0.000000e+00
1.187363e+01	2.127978e-02	0.000000e+00
1.189738e+01	2.135167e-02	0.000000e+00
1.192117e+01	2.127800e-02	0.000000e+00
1.194501e+01	2.124525e-02	0.000000e+00
1.196890e+01	2.134603e-02	0.000000e+00
1.199284e+01	2.122223e-02	0.000000e+00
1.201683e+01	2.127094e-02	0.000000e+00
1.204086e+01	2.131756e-02	0.000000e+00
1.206494e+01	2.132931e-02	0.000000e+00
1.208907e+01	2.137688e-02	0.000000e+00
1.211325e+01	2.131767e-02	0.000000e+00
1.213748e+01	2.130350e-02	0.000000e+00
1.216175e+01	2.127592e-02	0.000000e+00
1.218607e+01	2.122024e-02	0.000000e+00
1.221045e+01	2.129756e-02	0.000000e+00
1.223487e+01	2.127762e-02	0.000000e+00
1.225934e+01	2.136428e-02	0.000000e+00
1.228386e+01	2.138356e-02	0.000000e+00
1.230842e+01	2.131108e-02	0.000000e+00
1.233304e+01	2.127063e-02	0.000000e+00
1.235771e+01	2.128988e-02	0.000000e+00
1.238242e+01	2.137339e-02	0.000000e+00
1.240719e+01	2.142942e-02	0.000000e+00
1.243200e+01	2.135218e-02	0.000000e+00
1.245686e+01	2.143970e-02	0.000000e+00
1.248178e+01	2.134305e-02	0.000000e+00
