# Wavelength (micron) // Transit Depth (Rp^2/Rs^2)
5.013171065129973236e-01 2.126965926520035105e-02
5.023197407260233671e-01 2.127323710426098219e-02
5.033243802074753859e-01 2.127806174908413242e-02
5.043310289678903935e-01 2.127928814112093128e-02
5.053396910258262098e-01 2.127907475426451395e-02
5.063503704078778922e-01 2.127989971511090248e-02
5.073630711486937228e-01 2.128086751411227551e-02
5.083777972909910847e-01 2.128121153503368529e-02
5.093945528855731153e-01 2.128117615600191165e-02
5.104133419913443603e-01 2.128137216310178534e-02
5.114341686753269833e-01 2.128179125006243733e-02
5.124570370126777519e-01 2.128202235625157798e-02
5.134819510867031367e-01 2.128225561571376809e-02
5.145089149888765201e-01 2.128244526288544658e-02
5.155379328188542942e-01 2.128254491769381376e-02
5.165690086844920703e-01 2.128294425296927903e-02
5.176021467018611100e-01 2.128314734965206650e-02
5.186373509952648675e-01 2.128355957535034079e-02
5.196746256972554212e-01 2.128391872315195041e-02
5.207139749486499047e-01 2.128435007942983473e-02
5.217554028985472714e-01 2.128485407753549080e-02
5.227989137043443924e-01 2.128533705374368798e-02
5.238445115317531542e-01 2.128590152870213359e-02
5.248922005548166680e-01 2.128641910808927451e-02
5.259419849559263671e-01 2.128699897207886327e-02
5.269938689258382158e-01 2.128754723968186852e-02
5.280478566636899185e-01 2.128816340280270669e-02
5.291039523770173503e-01 2.128870381616325413e-02
5.301621602817714329e-01 2.128929776271932389e-02
5.312224846023350100e-01 2.128988678891374428e-02
5.322849295715397222e-01 2.129043881053471754e-02
5.333494994306827719e-01 2.129101414983058937e-02
5.344161984295441314e-01 2.129159745600732109e-02
5.354850308264033076e-01 2.129222380096203182e-02
5.365560008880561060e-01 2.129282045984959987e-02
5.376291128898322835e-01 2.129352207268444055e-02
5.387043711156119796e-01 2.129414933478758834e-02
5.397817798578432580e-01 2.129496467873666019e-02
5.408613434175589818e-01 2.129636068119723086e-02
5.419430661043941333e-01 2.129646852072090979e-02
5.430269522366029111e-01 2.129706287935442116e-02
5.441130061410761609e-01 2.129784123859453440e-02
5.452012321533583616e-01 2.129839697875073046e-02
5.462916346176651672e-01 2.129955712294641368e-02
5.473842178869005037e-01 2.130013036867719686e-02
5.484789863226743334e-01 2.130084012589503542e-02
5.495759442953197516e-01 2.130166037870680207e-02
5.506750961839104175e-01 2.130257572605343333e-02
5.517764463762782068e-01 2.130335495050909508e-02
5.528799992690308640e-01 2.130420477232394458e-02
5.539857592675688780e-01 2.130510643519520006e-02
5.550937307861041337e-01 2.130615366102957958e-02
5.562039182476763433e-01 2.130719515158389227e-02
5.573163260841716982e-01 2.130829008620148401e-02
5.584309587363400773e-01 2.130945588010919878e-02
5.595478206538128108e-01 2.131071757894430901e-02
5.606669162951204433e-01 2.131208370405671126e-02
5.617882501277107199e-01 2.131354065034581427e-02
5.629118266279662386e-01 2.131507545431219827e-02
5.640376502812222137e-01 2.131668280138760904e-02
5.651657255817846837e-01 2.131841590708746792e-02
5.662960570329482746e-01 2.132047880750823424e-02
5.674286491470141858e-01 2.132289372807992522e-02
5.685635064453082865e-01 2.132614643004294985e-02
5.697006334581988796e-01 2.132775993541183301e-02
5.708400347251153528e-01 2.133001518510103250e-02
5.719817147945656099e-01 2.133322561020696562e-02
5.731256782241547221e-01 2.133657254104231668e-02
5.742719295806031354e-01 2.134046104623155138e-02
5.754204734397643239e-01 2.134440820974491115e-02
5.765713143866438850e-01 2.134913264486799564e-02
5.777244570154171921e-01 2.135440990976203435e-02
5.788799059294481575e-01 2.136026273251673963e-02
5.800376657413069958e-01 2.136753337978234205e-02
5.811977410727896531e-01 2.137586478536876444e-02
5.823601365549353481e-01 2.138491008729450152e-02
5.835248568280452242e-01 2.139587116757240073e-02
5.846919065417013339e-01 2.141002109308069723e-02
5.858612903547847361e-01 2.143915499328854710e-02
5.870330129354943693e-01 2.150515555161926565e-02
5.882070789613653705e-01 2.177096183538342750e-02
5.893834931192881710e-01 2.274582902889340022e-02
5.905622601055268150e-01 2.177892258092162595e-02
5.917433846257378338e-01 2.150869297523550286e-02
5.929268713949893410e-01 2.143523812643352566e-02
5.941127251377793517e-01 2.140389920868236012e-02
5.953009505880549890e-01 2.138447572277842740e-02
5.964915524892311360e-01 2.136910411544187469e-02
5.976845355942096427e-01 2.135642532433086604e-02
5.988799046653980884e-01 2.134499637365260341e-02
6.000776644747289890e-01 2.133545093222816505e-02
6.012778198036784483e-01 2.132697281723514721e-02
6.024803754432858094e-01 2.131857153863691776e-02
6.036853361941724172e-01 2.131142089015989130e-02
6.048927068665608253e-01 2.130472597186460967e-02
6.061024922802940029e-01 2.129867267212057907e-02
6.073146972648546527e-01 2.129302960805568370e-02
6.085293266593843065e-01 2.128790594121001550e-02
6.097463853127031985e-01 2.128305596728740159e-02
6.109658780833285840e-01 2.127810937473917016e-02
6.121878098394952783e-01 2.127371382812556777e-02
6.134121854591743084e-01 2.126958641811378670e-02
6.146390098300926752e-01 2.126560366460131246e-02
6.158682878497528934e-01 2.126162678114920657e-02
6.171000244254524203e-01 2.125804264879755864e-02
6.183342244743034177e-01 2.125435700781890674e-02
6.195708929232520701e-01 2.125080759019644383e-02
6.208100347090985682e-01 2.124753321409672546e-02
6.220516547785168715e-01 2.124423011466501643e-02
6.232957580880739146e-01 2.124105757364858071e-02
6.245423496042501466e-01 2.123823382466564699e-02
6.257914343034586269e-01 2.123557901182213450e-02
6.270430171720655643e-01 2.123302503156689405e-02
6.282971032064097461e-01 2.122946428515028877e-02
6.295536974128226326e-01 2.122620111050914013e-02
6.308128048076483418e-01 2.122326663280409142e-02
6.320744304172636330e-01 2.122113425903426887e-02
6.333385792780982237e-01 2.121827758329142971e-02
6.346052564366544413e-01 2.121525091567499216e-02
6.358744669495277613e-01 2.121261360529683518e-02
6.371462158834269029e-01 2.121013030385821355e-02
6.384205083151938132e-01 2.120804007402417660e-02
6.396973493318242054e-01 2.120560913396253230e-02
6.409767440304878772e-01 2.120270340397734793e-02
6.422586975185489155e-01 2.120047345380035239e-02
6.435432149135860147e-01 2.119855889105204394e-02
6.448303013434132369e-01 2.119898847026958216e-02
6.461199619461001076e-01 2.120273921319888732e-02
6.474122018699923764e-01 2.120002472390172463e-02
6.487070262737324455e-01 2.119463153148150661e-02
6.500044403262799086e-01 2.118963440231030892e-02
6.513044492069325342e-01 2.118844667400754389e-02
6.526070581053463604e-01 2.118768227457852940e-02
6.539122722215571226e-01 2.118133774498314262e-02
6.552200967660002373e-01 2.118200985087010865e-02
6.565305369595323404e-01 2.118026428744872527e-02
6.578435980334513822e-01 2.117792728143208167e-02
6.591592852295183880e-01 2.117480675555221542e-02
6.604776037999774418e-01 2.117138439809669939e-02
6.617985590075774471e-01 2.116882728363823907e-02
6.631221561255926655e-01 2.116744516538921275e-02
6.644484004378439224e-01 2.116374079525876195e-02
6.657772972387195898e-01 2.116093482956617547e-02
6.671088518331971251e-01 2.115748091817389043e-02
6.684430695368634989e-01 2.115523509975800187e-02
6.697799556759372885e-01 2.115243472786574805e-02
6.711195155872892171e-01 2.114930502803128234e-02
6.724617546184638028e-01 2.114683389021851032e-02
6.738066781277007866e-01 2.114416613244690310e-02
6.751542914839562259e-01 2.114212133653968137e-02
6.765046000669241444e-01 2.114006677326510375e-02
6.778576092670580699e-01 2.113829351858442437e-02
6.792133244855922403e-01 2.113615908720731934e-02
6.805717511345634740e-01 2.113429543774983377e-02
6.819328946368325983e-01 2.113287156832642857e-02
6.832967604261063199e-01 2.113093034722315910e-02
6.846633539469585417e-01 2.112954873129882505e-02
6.860326806548525669e-01 2.112770374076865590e-02
6.874047460161623047e-01 2.112709128816381982e-02
6.887795555081946963e-01 2.112653492132853320e-02
6.901571146192111428e-01 2.113142846010889614e-02
6.915374288484495979e-01 2.114398452578461832e-02
6.929205037061465511e-01 2.116809960506697494e-02
6.943063447135588984e-01 2.114480221649774755e-02
6.956949574029860361e-01 2.113987191439248292e-02
6.970863473177920655e-01 2.113031745500545955e-02
6.984805200124276636e-01 2.113137411689480077e-02
6.998774810524525103e-01 2.113361351736118415e-02
7.012772360145574924e-01 2.113770028188764402e-02
7.026797904865866862e-01 2.113982632904641557e-02
7.040851500675598951e-01 2.113205237326610045e-02
7.054933203676950759e-01 2.113195652802306312e-02
7.069043070084304325e-01 2.113629792771921229e-02
7.083181156224473973e-01 2.112997699094591036e-02
7.097347518536922806e-01 2.113536611214382813e-02
7.111542213573996962e-01 2.113351635741730558e-02
7.125765298001145442e-01 2.113800180588258984e-02
7.140016828597148812e-01 2.113626205237398650e-02
7.154296862254343470e-01 2.115271505079849290e-02
7.168605455978852570e-01 2.122957325379802584e-02
7.182942666890810290e-01 2.119711834635369316e-02
7.197308552224592759e-01 2.118008111093967402e-02
7.211703169329042318e-01 2.117476759781562745e-02
7.226126575667700669e-01 2.116193519849401614e-02
7.240578828819036472e-01 2.117358872631669789e-02
7.255059986476675160e-01 2.116461665752534041e-02
7.269570106449628755e-01 2.116553249534120287e-02
7.284109246662529014e-01 2.115287191779503112e-02
7.298677465155853916e-01 2.117125957468225100e-02
7.313274820086166361e-01 2.117408237039939550e-02
7.327901369726339542e-01 2.115550678068873341e-02
7.342557172465792314e-01 2.114663192779228651e-02
7.357242286810724563e-01 2.115742759780721294e-02
7.371956771384345908e-01 2.115590338201325457e-02
7.386700684927115512e-01 2.114800222119918999e-02
7.401474086296969679e-01 2.114617504639164022e-02
7.416277034469563878e-01 2.113948130352914442e-02
7.431109588538503674e-01 2.113606849952432906e-02
7.445971807715581203e-01 2.113518784382296609e-02
7.460863751331012761e-01 2.113377471131277704e-02
7.475785478833675279e-01 2.112724606537789637e-02
7.490737049791343916e-01 2.112433857509688623e-02
7.505718523890926308e-01 2.112503140077569633e-02
7.520729960938709047e-01 2.112234157476207755e-02
7.535771420860586378e-01 2.112037652370227225e-02
7.550842963702308897e-01 2.112035694661744054e-02
7.565944649629713359e-01 2.111930464904647475e-02
7.581076538928973596e-01 2.111760366244522236e-02
7.596238692006831439e-01 2.111925060364568119e-02
7.611431169390845408e-01 2.111884853395861947e-02
7.626654031729628302e-01 2.112332629514910784e-02
7.641907339793088116e-01 2.113928917231898408e-02
7.657191154472674510e-01 2.118168782707874689e-02
7.672505536781619728e-01 2.125123534065439038e-02
7.687850547855183958e-01 2.116197070850101350e-02
7.703226248950895139e-01 2.122633401184215868e-02
7.718632701448796540e-01 2.114022088091405474e-02
7.734069966851695455e-01 2.112291342184414999e-02
7.749538106785398561e-01 2.111513395671416049e-02
7.765037182998970611e-01 2.110964988555292382e-02
7.780567257364968681e-01 2.110481006835844900e-02
7.796128391879698638e-01 2.110286140907841404e-02
7.811720648663459388e-01 2.110022088192903961e-02
7.827344089960786011e-01 2.109815236620816992e-02
7.842998778140708449e-01 2.110007567436593748e-02
7.858684775696990199e-01 2.109799285102479521e-02
7.874402145248384777e-01 2.109821501650091177e-02
7.890150949538882186e-01 2.109616483379272989e-02
7.905931251437959828e-01 2.109125787190527235e-02
7.921743113940836745e-01 2.108510623652704724e-02
7.937586600168718975e-01 2.108441944394795486e-02
7.953461773369057131e-01 2.108256991170243816e-02
7.969368696915795081e-01 2.109334860077993062e-02
7.985307434309627528e-01 2.109154004347940300e-02
8.001278049178247587e-01 2.109021480334547990e-02
8.017280605276604355e-01 2.108576268672080617e-02
8.033315166487158265e-01 2.108870699391196535e-02
8.049381796820133106e-01 2.108916036880551306e-02
8.065480560413773592e-01 2.109965061567630265e-02
8.081611521534601827e-01 2.110795455455807129e-02
8.097774744577671546e-01 2.114023644583403611e-02
8.113970294066826794e-01 2.113926800637130204e-02
8.130198234654961720e-01 2.115352539651032399e-02
8.146458631124271488e-01 2.114820376447007488e-02
8.162751548386520950e-01 2.114128423759762190e-02
8.179077051483294447e-01 2.112326016093988776e-02
8.195435205586261151e-01 2.111815487814928602e-02
8.211826075997434859e-01 2.111496320062686283e-02
8.228249728149429343e-01 2.115428835477562233e-02
8.244706227605729243e-01 2.113020902637784484e-02
8.261195640060940981e-01 2.110078324294708749e-02
8.277718031341063654e-01 2.110753190675477425e-02
8.294273467403746602e-01 2.113024598932383008e-02
8.310862014338554760e-01 2.111321259715899165e-02
8.327483738367231769e-01 2.110526565469759280e-02
8.344138705843966441e-01 2.111565642598388012e-02
8.360826983255654765e-01 2.111611462666818442e-02
8.377548637222167471e-01 2.110175822846308696e-02
8.394303734496612046e-01 2.110407204748962484e-02
8.411092341965605845e-01 2.109300387080714073e-02
8.427914526649536997e-01 2.109071637100315769e-02
8.444770355702837517e-01 2.108760048026181791e-02
8.461659896414243098e-01 2.108003926411371881e-02
8.478583216207071782e-01 2.108041514850540060e-02
8.495540382639487076e-01 2.107292299921696352e-02
8.512531463404766630e-01 2.106261470014600054e-02
8.529556526331576460e-01 2.105805476584909908e-02
8.546615639384239627e-01 2.106090003983489972e-02
8.563708870663009343e-01 2.104980555083318591e-02
8.580836288404335432e-01 2.104585020797888201e-02
8.597997960981145216e-01 2.104160350125170234e-02
8.615193956903107741e-01 2.103998364475114999e-02
8.632424344816914674e-01 2.103929762917013460e-02
8.649689193506548968e-01 2.103253785621204616e-02
8.666988571893562421e-01 2.102598802793742214e-02
8.684322549037349903e-01 2.103044315757797780e-02
8.701691194135425800e-01 2.102583868003164019e-02
8.719094576523697127e-01 2.102408665584716910e-02
8.736532765676744416e-01 2.102320201967205690e-02
8.754005831208098165e-01 2.101952994520745605e-02
8.771513842870515276e-01 2.101479396407754038e-02
8.789056870556256618e-01 2.101658260761709793e-02
8.806634984297370128e-01 2.101162305556883436e-02
8.824248254265965041e-01 2.101110547175462709e-02
8.841896750774498326e-01 2.100791451841386645e-02
8.859580544276047798e-01 2.101098267899172145e-02
8.877299705364599669e-01 2.101866967413312109e-02
8.895054304775329435e-01 2.102965743874137330e-02
8.912844413384880538e-01 2.107533393290088319e-02
8.930670102211650807e-01 2.112315386582497637e-02
8.948531442416075565e-01 2.110003813130940584e-02
8.966428505300907403e-01 2.110322780733103060e-02
8.984361362311510391e-01 2.111270621889515392e-02
9.002330085036134300e-01 2.110916130617983971e-02
9.020334745206206595e-01 2.108083290892135558e-02
9.038375414696619981e-01 2.106230318439295673e-02
9.056452165526013287e-01 2.106642664559461864e-02
9.074565069857065680e-01 2.106739434122364626e-02
9.092714199996780877e-01 2.108306855975394800e-02
9.110899628396774697e-01 2.108808149028391227e-02
9.129121427653569265e-01 2.113195149007977836e-02
9.147379670508876126e-01 2.113482533648277512e-02
9.165674429849894889e-01 2.114855756067464052e-02
9.184005778709595225e-01 2.113216208789942333e-02
9.202373790267015519e-01 2.113194526868003228e-02
9.220778537847549305e-01 2.110436623790947278e-02
9.239220094923245030e-01 2.114607259112520621e-02
9.257698535113092486e-01 2.116727862993007109e-02
9.276213932183319244e-01 2.132574733576746845e-02
9.294766360047685971e-01 2.136230169545196358e-02
9.313355892767781752e-01 2.132178673265330837e-02
9.331982604553318295e-01 2.134850197729235705e-02
9.350646569762425253e-01 2.132325185684514832e-02
9.369347862901951096e-01 2.132855443306803586e-02
9.388086558627755096e-01 2.131438966854788328e-02
9.406862731745011530e-01 2.128369120434731032e-02
9.425676457208502779e-01 2.128585154714777994e-02
9.444527810122920197e-01 2.124966921465674258e-02
9.463416865743166095e-01 2.127682530304431802e-02
9.482343699474653498e-01 2.128142784944881544e-02
9.501308386873602574e-01 2.128937344767077577e-02
9.520311003647350390e-01 2.127592049231354782e-02
9.539351625654646227e-01 2.125346211485465431e-02
9.558430328905955786e-01 2.127839904656744080e-02
9.577547189563768715e-01 2.128611534645086928e-02
9.596702283942896150e-01 2.129534773147719051e-02
9.615895688510782691e-01 2.127817283882454252e-02
9.635127479887805046e-01 2.128714300469008655e-02
9.654397734847581791e-01 2.123456176857434555e-02
9.673706530317277563e-01 2.125170765082696339e-02
9.693053943377912818e-01 2.123617529775325558e-02
9.712440051264669139e-01 2.120038247624029745e-02
9.731864931367198990e-01 2.124848847075952105e-02
9.751328661229933248e-01 2.120811630742192380e-02
9.770831318552394285e-01 2.119596079991583129e-02
9.790372981189499058e-01 2.121046632839631782e-02
9.809953727151878855e-01 2.120026421689474166e-02
9.829573634606183496e-01 2.120804324999514892e-02
9.849232781875396636e-01 2.118822200975218131e-02
9.868931247439147736e-01 2.116381873499673105e-02
9.888669109934026258e-01 2.115743409735026601e-02
9.908446448153895858e-01 2.115262250752478548e-02
9.928263341050204138e-01 2.115325565186015194e-02
9.948119867732304611e-01 2.113652493339832419e-02
9.968016107467769782e-01 2.112888242110819853e-02
9.987952139682706454e-01 2.111758187551792537e-02
1.000792804396207325e+00 2.110658033921146773e-02
1.002794390004999814e+00 2.111409441606514059e-02
1.004799978785009706e+00 2.108625684561388908e-02
1.006809578742579925e+00 2.107771892853375906e-02
1.008823197900065027e+00 2.107972131367166768e-02
1.010840844295865182e+00 2.106317564979339960e-02
1.012862525984457029e+00 2.105352030986893178e-02
1.014888251036426103e+00 2.105595616018183722e-02
1.016918027538499025e+00 2.104308235454940834e-02
1.018951863593575924e+00 2.103611758468214299e-02
1.020989767320763297e+00 2.103535702424980808e-02
1.023031746855404878e+00 2.102962677254151258e-02
1.025077810349115603e+00 2.101876518042141914e-02
1.027127965969814039e+00 2.102141408712868836e-02
1.029182221901753680e+00 2.101244662906384675e-02
1.031240586345557153e+00 2.100912685345537184e-02
1.033303067518248408e+00 2.100284046254548981e-02
1.035369673653284917e+00 2.100130587635415380e-02
1.037440413000591644e+00 2.098863356525457191e-02
1.039515293826592801e+00 2.099200596739785041e-02
1.041594324414246042e+00 2.098717492977807825e-02
1.043677513063074658e+00 2.098943326069420759e-02
1.045764868089200883e+00 2.099124323221525368e-02
1.047856397825379426e+00 2.098876302887608958e-02
1.049952110621030110e+00 2.098466889733351798e-02
1.052052014842272287e+00 2.098493097307567098e-02
1.054156118871956815e+00 2.097830451048728409e-02
1.056264431109700919e+00 2.097148172082030290e-02
1.058376959971920384e+00 2.098461992023489819e-02
1.060493713891864198e+00 2.097772307584211057e-02
1.062614701319648081e+00 2.097740101062947268e-02
1.064739930722287342e+00 2.097696981975223293e-02
1.066869410583731970e+00 2.097732989786888283e-02
1.069003149404899489e+00 2.097709864356660930e-02
1.071141155703709380e+00 2.098971190765040740e-02
1.073283438015116831e+00 2.097427764036220027e-02
1.075430004891147151e+00 2.098159744955745490e-02
1.077580864900929525e+00 2.099666112513340691e-02
1.079736026630731427e+00 2.098717411670767211e-02
1.081895498683993040e+00 2.099021786256978148e-02
1.084059289681361005e+00 2.099135205612117500e-02
1.086227408260723948e+00 2.103727201386049184e-02
1.088399863077245344e+00 2.103056827804703627e-02
1.090576662803399932e+00 2.107401966722484768e-02
1.092757816129006798e+00 2.112281204022480735e-02
1.094943331761264904e+00 2.116523639008271312e-02
1.097133218424787504e+00 2.117353537650635414e-02
1.099327484861637227e+00 2.116928112482703919e-02
1.101526139831360496e+00 2.123044144201689451e-02
1.103729192111023272e+00 2.120826249055532409e-02
1.105936650495245477e+00 2.121861974473951418e-02
1.108148523796236073e+00 2.123716724215973448e-02
1.110364820843828593e+00 2.125305036390384011e-02
1.112585550485516217e+00 2.126316074096921277e-02
1.114810721586487308e+00 2.130123779162099509e-02
1.117040343029660487e+00 2.131873988906620582e-02
1.119274423715719724e+00 2.131598383976778324e-02
1.121512972563151189e+00 2.129964251510540682e-02
1.123755998508277676e+00 2.127118462874307697e-02
1.126003510505294347e+00 2.126697037688328809e-02
1.128255517526304930e+00 2.127554072087252390e-02
1.130512028561357685e+00 2.129707381329311658e-02
1.132773052618480492e+00 2.129685617981833326e-02
1.135038598723717485e+00 2.146456091000022159e-02
1.137308675921165024e+00 2.128940929362347148e-02
1.139583293273007225e+00 2.122782878979426885e-02
1.141862459859553480e+00 2.127766555144047084e-02
1.144146184779272657e+00 2.133337456921404265e-02
1.146434477148831288e+00 2.125664765956448987e-02
1.148727346103128877e+00 2.124890921758873508e-02
1.151024800795335201e+00 2.126456238174063984e-02
1.153326850396926062e+00 2.129389459824924946e-02
1.155633504097719921e+00 2.126815016767699337e-02
1.157944771105915427e+00 2.127626822508996499e-02
1.160260660648127384e+00 2.126024284806633802e-02
1.162581181969423616e+00 2.127682098310858250e-02
1.164906344333362487e+00 2.129588245369402888e-02
1.167236157022029319e+00 2.126545414286165267e-02
1.169570629336073475e+00 2.127420842417247424e-02
1.171909770594745659e+00 2.122300600814502197e-02
1.174253590135935221e+00 2.124988924029003190e-02
1.176602097316207240e+00 2.127677973855449448e-02
1.178955301510839826e+00 2.121231549403143971e-02
1.181313212113861422e+00 2.122375132481273130e-02
1.183675838538089220e+00 2.119026070784746710e-02
1.186043190215165577e+00 2.120852936741457473e-02
1.188415276595595982e+00 2.118382543431273149e-02
1.190792107148787249e+00 2.116526529146504215e-02
1.193173691363084821e+00 2.114108227027052325e-02
1.195560038745811182e+00 2.113751852330794656e-02
1.197951158823302720e+00 2.112541206192414603e-02
1.200347061140949467e+00 2.111486833804426810e-02
1.202747755263231522e+00 2.112709783870363525e-02
1.205153250773757900e+00 2.109054512868751424e-02
1.207563557275305621e+00 2.110645709698531075e-02
1.209978684389856340e+00 2.108936365030619764e-02
1.212398641758636098e+00 2.110647720701044200e-02
1.214823439042153286e+00 2.108423047934450748e-02
1.217253085920237732e+00 2.107701106681339476e-02
1.219687592092078221e+00 2.106764266110364506e-02
1.222126967276262466e+00 2.106856365543946508e-02
1.224571221210815075e+00 2.107124321021969227e-02
1.227020363653236856e+00 2.104695431356798721e-02
1.229474404380543451e+00 2.104724968582122671e-02
1.231933353189304636e+00 2.103794669473688442e-02
1.234397219895683184e+00 2.103686730540448718e-02
1.236866014335474606e+00 2.103569772988676118e-02
1.239339746364145789e+00 2.101056543930633624e-02
1.241818425856874075e+00 2.102292530901528345e-02
1.244302062708587897e+00 2.101787569645802850e-02
1.246790666834005190e+00 2.100626660636624107e-02
1.249284248167673361e+00 2.100733405170261345e-02
1.251782816664008591e+00 2.099483343404195956e-02
1.254286382297336688e+00 2.100813793842689486e-02
1.256794955061931507e+00 2.098714696810563898e-02
1.259308544972055577e+00 2.101027393780864963e-02
1.261827162061999630e+00 2.099275446605034651e-02
1.264350816386123677e+00 2.099371659660282524e-02
1.266879518018896089e+00 2.100722717144958007e-02
1.269413277054934008e+00 2.100503762448614059e-02
1.271952103609043983e+00 2.100868666838908230e-02
1.274496007816262155e+00 2.101438424746674902e-02
1.277044999831894678e+00 2.102620682772637570e-02
1.279599089831558567e+00 2.103462109627735749e-02
1.282158288011221670e+00 2.102079483969252621e-02
1.284722604587244188e+00 2.101523566602912091e-02
1.287292049796418869e+00 2.106800524012254761e-02
1.289866633896011638e+00 2.104014381420901345e-02
1.292446367163803789e+00 2.105811519025612560e-02
1.295031259898131504e+00 2.105283142594986320e-02
1.297621322417927825e+00 2.104531333406682581e-02
1.300216565062763729e+00 2.108377057045021305e-02
1.302816998192889431e+00 2.108513135568070712e-02
1.305422632189275234e+00 2.107454557751379381e-02
1.308033477453653948e+00 2.108518664298188183e-02
1.310649544408561296e+00 2.108156500383164336e-02
1.313270843497378548e+00 2.110027814710506780e-02
1.315897385184373380e+00 2.111097829557108396e-02
1.318529179954742059e+00 2.111152303296138719e-02
1.321166238314651631e+00 2.111985855019567204e-02
1.323808570791281003e+00 2.114343265577836584e-02
1.326456187932863795e+00 2.113990759569221028e-02
1.329109100308729641e+00 2.121673889979705518e-02
1.331767318509347042e+00 2.132488291230879782e-02
1.334430853146365781e+00 2.136372649239743141e-02
1.337099714852658661e+00 2.151001065598547382e-02
1.339773914282364142e+00 2.141352902980702202e-02
1.342453462110928974e+00 2.146022290672076893e-02
1.345138369035150827e+00 2.151742672864659020e-02
1.347828645773221146e+00 2.158596599346724459e-02
1.350524303064767784e+00 2.156546375719453970e-02
1.353225351670897414e+00 2.162811553895717040e-02
1.355931802374239270e+00 2.163494488838486537e-02
1.358643665978987780e+00 2.171507552234405378e-02
1.361360953310945865e+00 2.163149316176392681e-02
1.364083675217567793e+00 2.163025102068639322e-02
1.366811842568003144e+00 2.158990630147701942e-02
1.369545466253139221e+00 2.162184164117740212e-02
1.372284557185645459e+00 2.165124975388606210e-02
1.375029126300016946e+00 2.167899619735558572e-02
1.377779184552617053e+00 2.160596942020352740e-02
1.380534742921722291e+00 2.157610051993617481e-02
1.383295812407565828e+00 2.165164291368050845e-02
1.386062404032381012e+00 2.159602604725369829e-02
1.388834528840446003e+00 2.155294128854027408e-02
1.391612197898126846e+00 2.160006129065737690e-02
1.394395422293923215e+00 2.161555256904618139e-02
1.397184213138511266e+00 2.158479496549959090e-02
1.399978581564788271e+00 2.166231695318631550e-02
1.402778538727917912e+00 2.162312478475724581e-02
1.405584095805373801e+00 2.161633412930150100e-02
1.408395263996984781e+00 2.166996537945326332e-02
1.411212054524978665e+00 2.171448075611628545e-02
1.414034478634028869e+00 2.169318932976719086e-02
1.416862547591297039e+00 2.163407490425049359e-02
1.419696272686479688e+00 2.168372629547009323e-02
1.422535665231852597e+00 2.169152374889013815e-02
1.425380736562316564e+00 2.168296196906346895e-02
1.428231498035441138e+00 2.176271998655791504e-02
1.431087961031512146e+00 2.161073379750420506e-02
1.433950136953575205e+00 2.172597172067377777e-02
1.436818037227482581e+00 2.164337924483202349e-02
1.439691673301937591e+00 2.163957329763750367e-02
1.442571056648541461e+00 2.158932016475353585e-02
1.445456198761838618e+00 2.169715014642758719e-02
1.448347111159362433e+00 2.152284798014482067e-02
1.451243805381681407e+00 2.159755537028152858e-02
1.454146292992444689e+00 2.149413044135056045e-02
1.457054585578429817e+00 2.152917914300175525e-02
1.459968694749586682e+00 2.145873256109816218e-02
1.462888632139085932e+00 2.157662845255333209e-02
1.465814409403364271e+00 2.146256044443850888e-02
1.468746038222171091e+00 2.155404887068398598e-02
1.471683530298615539e+00 2.145504122996205743e-02
1.474626897359212707e+00 2.148638839572542675e-02
1.477576151153931372e+00 2.144558455643710143e-02
1.480531303456239289e+00 2.147592178553396625e-02
1.483492366063151824e+00 2.146631144848466094e-02
1.486459350795278134e+00 2.143963241083598342e-02
1.489432269496868910e+00 2.145864579810791845e-02
1.492411134035862785e+00 2.140821157091423593e-02
1.495395956303934515e+00 2.143314937885417923e-02
1.498386748216542497e+00 2.134912939182392541e-02
1.501383521712975622e+00 2.137904405468222385e-02
1.504386288756401679e+00 2.138310582105464389e-02
1.507395061333914654e+00 2.137744376412481495e-02
1.510409851456582464e+00 2.133580046798555160e-02
1.513430671159495811e+00 2.130940237562369347e-02
1.516457532501814809e+00 2.129493762489015340e-02
1.519490447566818503e+00 2.129228159256399064e-02
1.522529428461952383e+00 2.124884555306255640e-02
1.525574487318876349e+00 2.131175623136269404e-02
1.528625636293514223e+00 2.123593264335733172e-02
1.531682887566101270e+00 2.127694853031476818e-02
1.534746253341233491e+00 2.119316867603402918e-02
1.537815745847916027e+00 2.122381483284084894e-02
1.540891377339612012e+00 2.119255134800271390e-02
1.543973160094291419e+00 2.120391117887442459e-02
1.547061106414480136e+00 2.113026465111675009e-02
1.550155228627309034e+00 2.117636994031698097e-02
1.553255539084563930e+00 2.115208348850909983e-02
1.556362050162733102e+00 2.115270144689332735e-02
1.559474774263058583e+00 2.117414601425886278e-02
1.562593723811584789e+00 2.113379717811869271e-02
1.565718911259208035e+00 2.112706905875785801e-02
1.568850349081726714e+00 2.109976789077445611e-02
1.571988049779890151e+00 2.111412613047854506e-02
1.575132025879450115e+00 2.107531671713439372e-02
1.578282289931209004e+00 2.110858909223330138e-02
1.581438854511071579e+00 2.109745429455157917e-02
1.584601732220093817e+00 2.107774964765719850e-02
1.587770935684533979e+00 2.105521604346936165e-02
1.590946477555903238e+00 2.107476051181935567e-02
1.594128370511015191e+00 2.103755825480890448e-02
1.597316627252037380e+00 2.104957332388765479e-02
1.600511260506541467e+00 2.103464609488635978e-02
1.603712283027554530e+00 2.105461966572112417e-02
1.606919707593609914e+00 2.102938522224286413e-02
1.610133547008797184e+00 2.102723692824799012e-02
1.613353814102814754e+00 2.102903226613133184e-02
1.616580521731020514e+00 2.101331403633091913e-02
1.619813682774482677e+00 2.102664070392654475e-02
1.623053310140031735e+00 2.099516274846946473e-02
1.626299416760311978e+00 2.100783755501268654e-02
1.629552015593832781e+00 2.100933129699303001e-02
1.632811119625020346e+00 2.101380546125537416e-02
1.636076741864270545e+00 2.100297490468815143e-02
1.639348895347999324e+00 2.099631207301302233e-02
1.642627593138695330e+00 2.100824040643582691e-02
1.645912848324972755e+00 2.099849393346503099e-02
1.649204674021622852e+00 2.100108308709171603e-02
1.652503083369666115e+00 2.098994780162752663e-02
1.655808089536405570e+00 2.099486271328819195e-02
1.659119705715478510e+00 2.100335677031818851e-02
1.662437945126909566e+00 2.102395949875925096e-02
1.665762821017163553e+00 2.099455018486504412e-02
1.669094346659197869e+00 2.100276349999828304e-02
1.672432535352516458e+00 2.098954848783727428e-02
1.675777400423221541e+00 2.100192008906116500e-02
1.679128955224068243e+00 2.097812967527695055e-02
1.682487213134516324e+00 2.097379775894187004e-02
1.685852187560785476e+00 2.097541169839639216e-02
1.689223891935907274e+00 2.099199722368511045e-02
1.692602339719779136e+00 2.099476540274847550e-02
1.695987544399218727e+00 2.100956965202846818e-02
1.699379519488017243e+00 2.100497988274883238e-02
1.702778278526993372e+00 2.098873416591166136e-02
1.706183835084047473e+00 2.101082571092751511e-02
1.709596202754215755e+00 2.101879383301807208e-02
1.713015395159724230e+00 2.104544925217947948e-02
1.716441425950043786e+00 2.103974571478739800e-02
1.719874308801944141e+00 2.109256460674936023e-02
1.723314057419548018e+00 2.108991807106864666e-02
1.726760685534387330e+00 2.108610981817389540e-02
1.730214206905456242e+00 2.112196831534710051e-02
1.733674635319267132e+00 2.114793742884434058e-02
1.737141984589905874e+00 2.113048514306931774e-02
1.740616268559085800e+00 2.113329224872764062e-02
1.744097501096204095e+00 2.114364576734090520e-02
1.747585696098396424e+00 2.117959257576476281e-02
1.751080867490593329e+00 2.118345680557353478e-02
1.754583029225574631e+00 2.115461432486234750e-02
1.758092195284026049e+00 2.117307811008460605e-02
1.761608379674594049e+00 2.121556740254504705e-02
1.765131596433943351e+00 2.119766449846353581e-02
1.768661859626811328e+00 2.128839880632768175e-02
1.772199183346065077e+00 2.125178583181438693e-02
1.775743581712757369e+00 2.132274736199999202e-02
1.779295068876183050e+00 2.125394700718069574e-02
1.782853659013935443e+00 2.129027655367915148e-02
1.786419366331963410e+00 2.139396156820577016e-02
1.789992205064627528e+00 2.128076320110877662e-02
1.793572189474756939e+00 2.138999560562300853e-02
1.797159333853706409e+00 2.128725395569225007e-02
1.800753652521414061e+00 2.144418878270041434e-02
1.804355159826456889e+00 2.136423528546297496e-02
1.807963870146110041e+00 2.142802341190188503e-02
1.811579797886402332e+00 2.145336631100077870e-02
1.815202957482175306e+00 2.130530350550995447e-02
1.818833363397139635e+00 2.147735153201160360e-02
1.822471030123934188e+00 2.141790117877132374e-02
1.826115972184181979e+00 2.147258397626967269e-02
1.829768204128550568e+00 2.137523131072270252e-02
1.833427740536807793e+00 2.148472935168414116e-02
1.837094596017881498e+00 2.144731019794636831e-02
1.840768785209917269e+00 2.145390562752115537e-02
1.844450322780337270e+00 2.143408772495458345e-02
1.848139223425898203e+00 2.157776849448067580e-02
1.851835501872749923e+00 2.146159324464415666e-02
1.855539172876495613e+00 2.158625841922728189e-02
1.859250251222248629e+00 2.162410955691906195e-02
1.862968751724693339e+00 2.151200972931095051e-02
1.866694689228142856e+00 2.158623008204029262e-02
1.870428078606599209e+00 2.146682176459571018e-02
1.874168934763812633e+00 2.154038791454642929e-02
1.877917272633340406e+00 2.154157412972967575e-02
1.881673107178607030e+00 2.140510332689960632e-02
1.885436453392964395e+00 2.147041961813270228e-02
1.889207326299750411e+00 2.142900643758749099e-02
1.892985740952350060e+00 2.147140382999720640e-02
1.896771712434254908e+00 2.142191407142461992e-02
1.900565255859123504e+00 2.136070075121168296e-02
1.904366386370841990e+00 2.143500102692809731e-02
1.908175119143583620e+00 2.132403007057690966e-02
1.911991469381870923e+00 2.143638124029317166e-02
1.915815452320634771e+00 2.135646032731495711e-02
1.919647083225276329e+00 2.138597173971220483e-02
1.923486377391727009e+00 2.139148647688126487e-02
1.927333350146510416e+00 2.139558738233621887e-02
1.931188016846803635e+00 2.147211330725944112e-02
1.935050392880497405e+00 2.143849175268465815e-02
1.938920493666258515e+00 2.154012233780429331e-02
1.942798334653591086e+00 2.146336207515721697e-02
1.946683931322898298e+00 2.155336438495379994e-02
1.950577299185544344e+00 2.143172302288860742e-02
1.954478453783915493e+00 2.152469104511894188e-02
1.958387410691483588e+00 2.149087623722129373e-02
1.962304185512866672e+00 2.148648154257271070e-02
1.966228793883892489e+00 2.150441665865764768e-02
1.970161251471660435e+00 2.142537877527030815e-02
1.974101573974603729e+00 2.149361019660621722e-02
1.978049777122553143e+00 2.141772865783726429e-02
1.982005876676798284e+00 2.145260584352920788e-02
1.985969888430151986e+00 2.138923261894398395e-02
1.989941828207012486e+00 2.148647914364684372e-02
1.993921711863426705e+00 2.139794634233011666e-02
1.997909555287153527e+00 2.140474547655828175e-02
2.001905374397728199e+00 2.143448994607078176e-02
2.005909185146523832e+00 2.143080905256228644e-02
2.009921003516816906e+00 2.139431431310163598e-02
2.013940845523850331e+00 2.135033050332537513e-02
2.017968727214898284e+00 2.143250091513126607e-02
2.022004664669328378e+00 2.134455280157854240e-02
2.026048673998666949e+00 2.134639348154959704e-02
2.030100771346664335e+00 2.135011260751701681e-02
2.034160972889357932e+00 2.129998739212561956e-02
2.038229294835137040e+00 2.126640559317461918e-02
2.042305753424807246e+00 2.129811036040060029e-02
2.046390364931657047e+00 2.120903162695267352e-02
2.050483145661520457e+00 2.123063742324624026e-02
2.054584111952843628e+00 2.126936915301918044e-02
2.058693280176749241e+00 2.114008189714045721e-02
2.062810666737103116e+00 2.120531512760447448e-02
2.066936288070577277e+00 2.114969247763472115e-02
2.071070160646718783e+00 2.116287147280668246e-02
2.075212300968012347e+00 2.115239753116958735e-02
2.079362725569948278e+00 2.110706949819527584e-02
2.083521451021088211e+00 2.111788829441380716e-02
2.087688493923130828e+00 2.112465613453114177e-02
2.091863870910977141e+00 2.110963248289158753e-02
2.096047598652799326e+00 2.108785989024464930e-02
2.100239693850104672e+00 2.107825006313190225e-02
2.104440173237805300e+00 2.107455298716862796e-02
2.108649053584280786e+00 2.107546865872543876e-02
2.112866351691449651e+00 2.103734807076187291e-02
2.117092084394832874e+00 2.105885684139934336e-02
2.121326268563622275e+00 2.102896520489720006e-02
2.125568921100749797e+00 2.102758157751267662e-02
2.129820058942951455e+00 2.103841539918770501e-02
2.134079699060837498e+00 2.099128889502914486e-02
2.138347858458959472e+00 2.100526534260334713e-02
2.142624554175877272e+00 2.102202526232362090e-02
2.146909803284229312e+00 2.097968830516321742e-02
2.151203622890797806e+00 2.100750242744109028e-02
2.155506030136579376e+00 2.098668959961863881e-02
2.159817042196852999e+00 2.098659582241133720e-02
2.164136676281246618e+00 2.098594952479906559e-02
2.168464949633809535e+00 2.097490505666542437e-02
2.172801879533077241e+00 2.098116558089103967e-02
2.177147483292143360e+00 2.099181193999760317e-02
2.181501778258727597e+00 2.097350310029080789e-02
2.185864781815245461e+00 2.099609172554392847e-02
2.190236511378876205e+00 2.096529500361177245e-02
2.194616984401633886e+00 2.098943718874896058e-02
2.199006218370437526e+00 2.098280539348802362e-02
2.203404230807178177e+00 2.100139319311440309e-02
2.207811039268792630e+00 2.097372213955039921e-02
2.212226661347330481e+00 2.095744223220510905e-02
2.216651114670025180e+00 2.098995495836818853e-02
2.221084416899365532e+00 2.102242824508806368e-02
2.225526585733164531e+00 2.100994019924175629e-02
2.229977638904630854e+00 2.097993621332135822e-02
2.234437594182440368e+00 2.100460154173040828e-02
2.238906469370805397e+00 2.096908485361198907e-02
2.243384282309547118e+00 2.100214639594977922e-02
2.247871050874166166e+00 2.100018534246192795e-02
2.252366792975914578e+00 2.098467186053991698e-02
2.256871526561866848e+00 2.100531469523395436e-02
2.261385269614990534e+00 2.097898629606341492e-02
2.265908040154220870e+00 2.100401161970730582e-02
2.270439856234529152e+00 2.102827975446947342e-02
2.274980735946998678e+00 2.098983788790593358e-02
2.279530697418892693e+00 2.101122609185155851e-02
2.284089758813730331e+00 2.100316381212651018e-02
2.288657938331358110e+00 2.097645527752935168e-02
2.293235254208020990e+00 2.110455144738235950e-02
2.297821724716436975e+00 2.111281073339274506e-02
2.302417368165870393e+00 2.104200114025173152e-02
2.307022202902202057e+00 2.106880033449802861e-02
2.311636247308006542e+00 2.108300451381433030e-02
2.316259519802622791e+00 2.109443887655996011e-02
2.320892038842228278e+00 2.109651861316488852e-02
2.325533822919912730e+00 2.108726984996400419e-02
2.330184890565752731e+00 2.112378535909179705e-02
2.334845260346884555e+00 2.107578498597831307e-02
2.339514950867578325e+00 2.113648871948684352e-02
2.344193980769313512e+00 2.111572306585015810e-02
2.348882368730852210e+00 2.108994647528310284e-02
2.353580133468314184e+00 2.113094553721630783e-02
2.358287293735251033e+00 2.113708145823097601e-02
2.363003868322721690e+00 2.113076176965403286e-02
2.367729876059367022e+00 2.113617491523862510e-02
2.372465335811486220e+00 2.113866440838929259e-02
2.377210266483109180e+00 2.113132722863684740e-02
2.381964687016075555e+00 2.118234026052536606e-02
2.386728616390108026e+00 2.119016265710746416e-02
2.391502073622888247e+00 2.112452621535784031e-02
2.396285077770134109e+00 2.115897830259249116e-02
2.401077647925674796e+00 2.115094154222629114e-02
2.405879803221526281e+00 2.118508341682710100e-02
2.410691562827969481e+00 2.121044575150301051e-02
2.415512945953625312e+00 2.121913844579770281e-02
2.420343971845532849e+00 2.123801979183208635e-02
2.425184659789223929e+00 2.122675473818310538e-02
2.430035029108802647e+00 2.125622309023164277e-02
2.434895099167020405e+00 2.130857193169866451e-02
2.439764889365354517e+00 2.122533683800420859e-02
2.444644419144085479e+00 2.132141321167356843e-02
2.449533707982373798e+00 2.134045044727511317e-02
2.454432775398338595e+00 2.134796139915527344e-02
2.459341640949135321e+00 2.136024649179552384e-02
2.464260324231033916e+00 2.129340748092410640e-02
2.469188844879496081e+00 2.134748566070826525e-02
2.474127222569255213e+00 2.145038371240899633e-02
2.479075477014394124e+00 2.139547834148038466e-02
2.484033627968422753e+00 2.136584369114628498e-02
2.489001695224359878e+00 2.154441072229828016e-02
2.493979698614808616e+00 2.138105715245999794e-02
2.498967658012038573e+00 2.146227424603303069e-02
2.503965593328062678e+00 2.152548568673303894e-02
2.508973524514718889e+00 2.154309017720261454e-02
2.513991471563748803e+00 2.162522875190550989e-02
2.519019454506876254e+00 2.144653754347940200e-02
2.524057493415890363e+00 2.162870450021675550e-02
2.529105608402721916e+00 2.154319411366525591e-02
2.534163819619527747e+00 2.159592794391083231e-02
2.539232147258767114e+00 2.161602728609402641e-02
2.544310611553284751e+00 2.160584874999003577e-02
2.549399232776391244e+00 2.163173952403851449e-02
2.554498031241944300e+00 2.165305921087125676e-02
2.559607027304428239e+00 2.162871122183277275e-02
2.564726241359037484e+00 2.169856229165974607e-02
2.569855693841755606e+00 2.156193582056003394e-02
2.574995405229439260e+00 2.170577635506248937e-02
2.580145396039898120e+00 2.157827055069506256e-02
2.585305686831978367e+00 2.168573903818372950e-02
2.590476298205642181e+00 2.163581185991551512e-02
2.595657250802053895e+00 2.169169048645486556e-02
2.600848565303658155e+00 2.161649973389748874e-02
2.606050262434265630e+00 2.157836158988933953e-02
2.611262362959134276e+00 2.153864257719606892e-02
2.616484887685052829e+00 2.168238971352272684e-02
2.621717857460422962e+00 2.157220746712269419e-02
2.626961293175344103e+00 2.161620206093631952e-02
2.632215215761694704e+00 2.173959553759661698e-02
2.637479646193218397e+00 2.149772458410956558e-02
2.642754605485604813e+00 2.168070007333505744e-02
2.648040114696576186e+00 2.162347857940004336e-02
2.653336194925969505e+00 2.170765139967267485e-02
2.658642867315821778e+00 2.174700903924444220e-02
2.663960153050453528e+00 2.186261459987779224e-02
2.669288073356554492e+00 2.199752949327777110e-02
2.674626649503268006e+00 2.205361024956826663e-02
2.679975902802274490e+00 2.197103654704872511e-02
2.685335854607879380e+00 2.200952960100041600e-02
2.690706526317095282e+00 2.194259278587223222e-02
2.696087939369729458e+00 2.216514384721278777e-02
2.701480115248469094e+00 2.199823163364384576e-02
2.706883075478966116e+00 2.205484053698895594e-02
2.712296841629924238e+00 2.201707794052729789e-02
2.717721435313184219e+00 2.200011113514795807e-02
2.723156878183810914e+00 2.200715687006361485e-02
2.728603191940178974e+00 2.193793740900220821e-02
2.734060398324059449e+00 2.189754329712953126e-02
2.739528519120707717e+00 2.199199961710586113e-02
2.745007576158949192e+00 2.184752674634052663e-02
2.750497591311267254e+00 2.182701023367370277e-02
2.755998586493889846e+00 2.188215663193076102e-02
2.761510583666877849e+00 2.182840114080368890e-02
2.767033604834211680e+00 2.187042822349190979e-02
2.772567672043880549e+00 2.183392266372432763e-02
2.778112807387968175e+00 2.202395805792473765e-02
2.783669033002744264e+00 2.187096289616493119e-02
2.789236371068750220e+00 2.196972993538525223e-02
2.794814843810887961e+00 2.183841412755230249e-02
2.800404473498509628e+00 2.186303758821962068e-02
2.806005282445506843e+00 2.195957061076423550e-02
2.811617293010398200e+00 2.192246431546072266e-02
2.817240527596418964e+00 2.192260974115781830e-02
2.822875008651612116e+00 2.198607311136660525e-02
2.828520758668915391e+00 2.178232943473945235e-02
2.834177800186253648e+00 2.194990940233487037e-02
2.839846155786626358e+00 2.193176342664720710e-02
2.845525848098199528e+00 2.187340016785525865e-02
2.851216899794396298e+00 2.188679056888934160e-02
2.856919333593985311e+00 2.192452762221243356e-02
2.862633172261173087e+00 2.181269998195168106e-02
2.868358438605695948e+00 2.179461479495596946e-02
2.874095155482907504e+00 2.181422129561250145e-02
2.879843345793873244e+00 2.178619651972694971e-02
2.885603032485461128e+00 2.176300390840564189e-02
2.891374238550432185e+00 2.183393948073369603e-02
2.897156987027533326e+00 2.170199098444905092e-02
2.902951301001588824e+00 2.179307659011943399e-02
2.908757203603592245e+00 2.189769447186911550e-02
2.914574718010799259e+00 2.171504570119231134e-02
2.920403867446821344e+00 2.170253147787643000e-02
2.926244675181715049e+00 2.166817440025057412e-02
2.932097164532078803e+00 2.166707770227291330e-02
2.937961358861143069e+00 2.162617292908656369e-02
2.943837281578865372e+00 2.161446481709310835e-02
2.949724956142023125e+00 2.173071360510715061e-02
2.955624406054307762e+00 2.167226394259376410e-02
2.961535654866416234e+00 2.162931347072321805e-02
2.967458726176149586e+00 2.166921069884449741e-02
2.973393643628501781e+00 2.163199615114075325e-02
2.979340430915759175e+00 2.153230143476272604e-02
2.985299111777590664e+00 2.156290414078173776e-02
2.991269710001146276e+00 2.164478348131448210e-02
2.997252249421148651e+00 2.152260640263784983e-02
3.003246753919991185e+00 2.155663789611785702e-02
3.009253247427831290e+00 2.169314331852555469e-02
3.015271753922687203e+00 2.148121367885426000e-02
3.021302297430532580e+00 2.154591531646764258e-02
3.027344902025393747e+00 2.146930378248676496e-02
3.033399591829444741e+00 2.156495295879778257e-02
3.039466391013104118e+00 2.147368872614549909e-02
3.045545323795130432e+00 2.155478389631455133e-02
3.051636414442720824e+00 2.158092781681076808e-02
3.057739687271606499e+00 2.141830551793806950e-02
3.063855166646149986e+00 2.143972707469309069e-02
3.069982876979442388e+00 2.145794563689243720e-02
3.076122842733401530e+00 2.139804117011155637e-02
3.082275088418868325e+00 2.138857198759905667e-02
3.088439638595706249e+00 2.140383407508807123e-02
3.094616517872898154e+00 2.151416314940790900e-02
3.100805750908643965e+00 2.130330436659219270e-02
3.107007362410461493e+00 2.146585604318983209e-02
3.113221377135282353e+00 2.139682696629629025e-02
3.119447819889553219e+00 2.136781354555929505e-02
3.125686715529332638e+00 2.131330154009817082e-02
3.131938088960391386e+00 2.135410728061073321e-02
3.138201965138312399e+00 2.137310748103335781e-02
3.144478369068589352e+00 2.139991537987960893e-02
3.150767325806726582e+00 2.130665363038954443e-02
3.157068860458340342e+00 2.135161216849130669e-02
3.163382998179256944e+00 2.124909252627303971e-02
3.169709764175615785e+00 2.133625587158769626e-02
3.176049183703967049e+00 2.134126573708021793e-02
3.182401282071375181e+00 2.122410755017327399e-02
3.188766084635518361e+00 2.126249708431293337e-02
3.195143616804789755e+00 2.135494633035640161e-02
3.201533904038399214e+00 2.142133705814388417e-02
3.207936971846476304e+00 2.127161733463625234e-02
3.214352845790169333e+00 2.128688743346767234e-02
3.220781551481750160e+00 2.126152867571545757e-02
3.227223114584713670e+00 2.127387019514747485e-02
3.233677560813883467e+00 2.122650010308599344e-02
3.240144915935511349e+00 2.125456830817577455e-02
3.246625205767382560e+00 2.128277244714897251e-02
3.253118456178917484e+00 2.116817571292109804e-02
3.259624693091275560e+00 2.112030632113838513e-02
3.266143942477458317e+00 2.120477381594023172e-02
3.272676230362413285e+00 2.121210487218163840e-02
3.279221582823138359e+00 2.125305501720476525e-02
3.285780025988784825e+00 2.119597859439101284e-02
3.292351586040762612e+00 2.117266243074707177e-02
3.298936289212844652e+00 2.126266296589598634e-02
3.305534161791270353e+00 2.121496102433646086e-02
3.312145230114853067e+00 2.119209693703951597e-02
3.318769520575083121e+00 2.124146864556897968e-02
3.325407059616233507e+00 2.117378187453456545e-02
3.332057873735466025e+00 2.113354834415433203e-02
3.338721989482936969e+00 2.119904489680396811e-02
3.345399433461903271e+00 2.123236276248721341e-02
3.352090232328827302e+00 2.119543648486189175e-02
3.358794412793485229e+00 2.118538767679745485e-02
3.365512001619072269e+00 2.114443388090770856e-02
3.372243025622310597e+00 2.116170305250562877e-02
3.378987511673555488e+00 2.119513361839131527e-02
3.385745486696902784e+00 2.120094459773045129e-02
3.392516977670296807e+00 2.114599967343101100e-02
3.399302011625637832e+00 2.120133798132199654e-02
3.406100615648889107e+00 2.122199084102849645e-02
3.412912816880186995e+00 2.114495818156794313e-02
3.419738642513947546e+00 2.119439216501455003e-02
3.426578119798975752e+00 2.113830479477216487e-02
3.433431276038573898e+00 2.116221310144820664e-02
3.440298138590651256e+00 2.116629301596441651e-02
3.447178734867832883e+00 2.112602257746522272e-02
3.454073092337568873e+00 2.113501481362873441e-02
3.460981238522244041e+00 2.114312490235952663e-02
3.467903200999288948e+00 2.110602400187931021e-02
3.474839007401287372e+00 2.115996616941021036e-02
3.481788685416090434e+00 2.112100976819121512e-02
3.488752262786922742e+00 2.113952076150193982e-02
3.495729767312496961e+00 2.116244422669538369e-02
3.502721226847122171e+00 2.107156742303713595e-02
3.509726669300816670e+00 2.111838375952626579e-02
3.516746122639418104e+00 2.113136222264158995e-02
3.523779614884697153e+00 2.108719094348162834e-02
3.530827174114466782e+00 2.109797824897452490e-02
3.537888828462695923e+00 2.108139556545562607e-02
3.544964606119621831e+00 2.116514854988747404e-02
3.552054535331861107e+00 2.104751753664505648e-02
3.559158644402525162e+00 2.108440820293888684e-02
3.566276961691330349e+00 2.105435816528535703e-02
3.573409515614713428e+00 2.108138121941654022e-02
3.580556334645943029e+00 2.106148009598299981e-02
3.587717447315235120e+00 2.105309517700457156e-02
3.594892882209865803e+00 2.106237167093176835e-02
3.602082667974285890e+00 2.105549844696131059e-02
3.609286833310234588e+00 2.103719596517197518e-02
3.616505406976855408e+00 2.105665485981910931e-02
3.623738417790808963e+00 2.104782195983802284e-02
3.630985894626391097e+00 2.103673472344740406e-02
3.638247866415643905e+00 2.104374626743399368e-02
3.645524362148475639e+00 2.101026270800751550e-02
3.652815410872772617e+00 2.102832686508027474e-02
3.660121041694518240e+00 2.103562706408561647e-02
3.667441283777907568e+00 2.102597697670978427e-02
3.674776166345463668e+00 2.102263297390596225e-02
3.682125718678154858e+00 2.103164127270461606e-02
3.689489970115511497e+00 2.100896390057373220e-02
3.696868950055742786e+00 2.101431638589847453e-02
3.704262687955854449e+00 2.101258339126172228e-02
3.711671213331766417e+00 2.101715582410274355e-02
3.719094555758430065e+00 2.099227586207476001e-02
3.726532744869947233e+00 2.100729747406665862e-02
3.733985810359687463e+00 2.102203569651001774e-02
3.741453781980407012e+00 2.099956184640643791e-02
3.748936689544367873e+00 2.100883959239206733e-02
3.756434562923456788e+00 2.100103667705433344e-02
3.763947432049304265e+00 2.101270056907135822e-02
3.771475326913402704e+00 2.098196760167809691e-02
3.779018277567229855e+00 2.096793569408490418e-02
3.786576314122364728e+00 2.100390922053024106e-02
3.794149466750609712e+00 2.099374559421283287e-02
3.801737765684110926e+00 2.098782455432329080e-02
3.809341241215479457e+00 2.099816094355716825e-02
3.816959923697910817e+00 2.096382927063021942e-02
3.824593843545306626e+00 2.099162966535030733e-02
3.832243031232397623e+00 2.098926898552227679e-02
3.839907517294862682e+00 2.097850940685012239e-02
3.847587332329452714e+00 2.094878535330170835e-02
3.855282506994111902e+00 2.096265993519944720e-02
3.862993072008100270e+00 2.094924329047032421e-02
3.870719058152116698e+00 2.096232819602836597e-02
3.878460496268421043e+00 2.094060399937701378e-02
3.886217417260958040e+00 2.096207257722116843e-02
3.893989852095480320e+00 2.096863072375517584e-02
3.901777831799671414e+00 2.095246364369646175e-02
3.909581387463270996e+00 2.096555655306656454e-02
3.917400550238197887e+00 2.095137894858374941e-02
3.925235351338674405e+00 2.094115006452711147e-02
3.933085822041352042e+00 2.094893843150228557e-02
3.940951993685434918e+00 2.096110419845449019e-02
3.948833897672806348e+00 2.103472719699443771e-02
3.956731565468152301e+00 2.107841761829153462e-02
3.964645028599088850e+00 2.116962989925804187e-02
3.972574318656286962e+00 2.120359724161487505e-02
3.980519467293599956e+00 2.124828057796934039e-02
3.988480506228187394e+00 2.121656371712338229e-02
3.996457467240643879e+00 2.115928053869388370e-02
4.004450382175125611e+00 2.128434712298023224e-02
4.012459282939476068e+00 2.123873384479529197e-02
4.020484201505355237e+00 2.125856048736735754e-02
4.028525169908365733e+00 2.129078689631730067e-02
4.036582220248183361e+00 2.121765001659553854e-02
4.044655384688679689e+00 2.127426875005462500e-02
4.052744695458057045e+00 2.126405173845627786e-02
4.060850184848973754e+00 2.129922388471051573e-02
4.068971885218672035e+00 2.123129263056906454e-02
4.077109828989109452e+00 2.126424944000171804e-02
4.085264048647087698e+00 2.126762226003301587e-02
4.093434576744382269e+00 2.120918642020633640e-02
4.101621445897871254e+00 2.121928851260805951e-02
4.109824688789667668e+00 2.118778262992734862e-02
4.118044338167247354e+00 2.118179559948726517e-02
4.126280426843581317e+00 2.116970422257428291e-02
4.134532987697268958e+00 2.115278027192946803e-02
4.142802053672664186e+00 2.111729223102811956e-02
4.151087657780009543e+00 2.109444481174629210e-02
4.159389833095569422e+00 2.117555806669381424e-02
4.167708612761761522e+00 2.115341657486085811e-02
4.176044029987284745e+00 2.125424138753101780e-02
4.184396118047259527e+00 2.127578404843335005e-02
4.192764910283354851e+00 2.133251206881088893e-02
4.201150440103921468e+00 2.141499502081701742e-02
4.209552740984129571e+00 2.153342250984879858e-02
4.217971846466098462e+00 2.169615835817386915e-02
4.226407790159030675e+00 2.173491801361639164e-02
4.234860605739348749e+00 2.184767593994433460e-02
4.243330326950827569e+00 2.199385033452142674e-02
4.251816987604730258e+00 2.208120643268454350e-02
4.260320621579939626e+00 2.214155560050464627e-02
4.268841262823099392e+00 2.225234904266761710e-02
4.277378945348746520e+00 2.227441141104586492e-02
4.285933703239443560e+00 2.235990585634585123e-02
4.294505570645923420e+00 2.238094725865719462e-02
4.303094581787215489e+00 2.253801863958293517e-02
4.311700770950789519e+00 2.249972564367340791e-02
4.320324172492691517e+00 2.249678618420475340e-02
4.328964820837676974e+00 2.256748689899328725e-02
4.337622750479352973e+00 2.251290888933331694e-02
4.346297995980312301e+00 2.259477111380129785e-02
4.354990591972272895e+00 2.256007672718129964e-02
4.363700573156217288e+00 2.252243001775395409e-02
4.372427974302530274e+00 2.255556267480526497e-02
4.381172830251135686e+00 2.257239429593986199e-02
4.389935175911638510e+00 2.249373345735882976e-02
4.398715046263461659e+00 2.254220198891635982e-02
4.407512476355988973e+00 2.250546201535176538e-02
4.416327501308701109e+00 2.245750301757691580e-02
4.425160156311318538e+00 2.243981415402849719e-02
4.434010476623941877e+00 2.239871034733514898e-02
4.442878497577190444e+00 2.236589693974077447e-02
4.451764254572344370e+00 2.234150989026352507e-02
4.460667783081489368e+00 2.225685913386429154e-02
4.469589118647652626e+00 2.228672220742429141e-02
4.478528296884948467e+00 2.217490684240596560e-02
4.487485353478718686e+00 2.215767563469624168e-02
4.496460324185676427e+00 2.213140563718453760e-02
4.505453244834048299e+00 2.206214689731770054e-02
4.514464151323716479e+00 2.200529833821572925e-02
4.523493079626364377e+00 2.197991943839591039e-02
4.532540065785616967e+00 2.194361144941854233e-02
4.541605145917188224e+00 2.189033418675362386e-02
4.550688356209023233e+00 2.177959932284596542e-02
4.559789732921441185e+00 2.175381370602584574e-02
4.568909312387284594e+00 2.176854557626863029e-02
4.578047131012059623e+00 2.166327545288393441e-02
4.587203225274084417e+00 2.158802424032678011e-02
4.596377631724632096e+00 2.155784649681661419e-02
4.605570386988081744e+00 2.159339679895241199e-02
4.614781527762058744e+00 2.150218733525743539e-02
4.624011090817583103e+00 2.148595460797102230e-02
4.633259112999218665e+00 2.146284815154563680e-02
4.642525631225216998e+00 2.146462390221971425e-02
4.651810682487667492e+00 2.143462622580405083e-02
4.661114303852643026e+00 2.138157631814370518e-02
4.670436532460349177e+00 2.138853531925666643e-02
4.679777405525269884e+00 2.139219242714017130e-02
4.689136960336321103e+00 2.126090158469408353e-02
4.698515234256993800e+00 2.135759566695366943e-02
4.707912264725507612e+00 2.140394975054255716e-02
4.717328089254959167e+00 2.138956393073202997e-02
4.726762745433469526e+00 2.140688210518832194e-02
4.736216270924336946e+00 2.131611726395212306e-02
4.745688703466186098e+00 2.135005625759126002e-02
4.755180080873118165e+00 2.127925559507389333e-02
4.764690441034864499e+00 2.137646506260402687e-02
4.774219821916934947e+00 2.142216016016207022e-02
4.783768261560768842e+00 2.143893712712913874e-02
4.793335798083891319e+00 2.134798130648588033e-02
4.802922469680058981e+00 2.128227362944276266e-02
4.812528314619419767e+00 2.138467893316902541e-02
4.822153371248658615e+00 2.137692257312936647e-02
4.831797677991156448e+00 2.132623026464014471e-02
4.841461273347138494e+00 2.133545871486191431e-02
4.851144195893833277e+00 2.129007765335010766e-02
4.860846484285620939e+00 2.132992815211298687e-02
4.870568177254193110e+00 2.132447044590757637e-02
4.880309313608701238e+00 2.130208431535012686e-02
4.890069932235919126e+00 2.131835212584782743e-02
4.899850072100391252e+00 2.131591271791233311e-02
4.909649772244592647e+00 2.128934720703009112e-02
4.919469071789081660e+00 2.125166431493594882e-02
4.929308009932660717e+00 2.131611867269777791e-02
4.939166625952526424e+00 2.138017145108942266e-02
4.949044959204431215e+00 2.127787632002424434e-02
4.958943049122840563e+00 2.135433286667712260e-02
4.968860935221086628e+00 2.136661338496205834e-02
4.978798657091529023e+00 2.127788060267640433e-02
4.988756254405712021e+00 2.122081837319653511e-02
4.998733766914524423e+00 2.138185528628178469e-02
5.008731234448353220e+00 2.122278236882079588e-02
5.018748696917250562e+00 2.142561651491535837e-02
5.028786194311085644e+00 2.133332032325477995e-02
5.038843766699708127e+00 2.126863275203248055e-02
5.048921454233107120e+00 2.125468534241275326e-02
5.059019297141573723e+00 2.132721705425425635e-02
5.069137335735857341e+00 2.127735000811100188e-02
5.079275610407329999e+00 2.138766736884563369e-02
5.089434161628144437e+00 2.123636022694495515e-02
5.099613029951401089e+00 2.121237916991887754e-02
5.109812256011304399e+00 2.149863168397025612e-02
5.120031880523327139e+00 2.122828787940319109e-02
5.130271944284373831e+00 2.137779584005469746e-02
5.140532488172943282e+00 2.141677268332658687e-02
5.150813553149289348e+00 2.135219558059375800e-02
5.161115180255587909e+00 2.134167513420454423e-02
5.171437410616099406e+00 2.138506830210356799e-02
5.181780285437332267e+00 2.123806372136382778e-02
5.192143846008207220e+00 2.130607981521267374e-02
5.202528133700224267e+00 2.139723480459671673e-02
5.212933189967625225e+00 2.138033777596519761e-02
5.223359056347560703e+00 2.139814636010757554e-02
5.233805774460256188e+00 2.121706557520403394e-02
5.244273386009176363e+00 2.136392352378789147e-02
5.254761932781195632e+00 2.135338875598932762e-02
5.265271456646757997e+00 2.131102835625989927e-02
5.275801999560052025e+00 2.148038223209084926e-02
5.286353603559172498e+00 2.132078131160035014e-02
5.296926310766290946e+00 2.137563636372211140e-02
5.307520163387823509e+00 2.136307432945406745e-02
5.318135203714599690e+00 2.131821524955663724e-02
5.328771474122029339e+00 2.122699307145893902e-02
5.339429017070274064e+00 2.132925822940615404e-02
5.350107875104415101e+00 2.153111398161674725e-02
5.360808090854623842e+00 2.136598565065923883e-02
5.371529707036333257e+00 2.134561713025377380e-02
5.382272766450406642e+00 2.132437044358339098e-02
5.393037311983307269e+00 2.143518365888638297e-02
5.403823386607274237e+00 2.140232624122186122e-02
5.414631033380489455e+00 2.157204150972816606e-02
5.425460295447250836e+00 2.153604168788579923e-02
5.436311216038145488e+00 2.134958028041424732e-02
5.447183838470222028e+00 2.134396691888890488e-02
5.458078206147162881e+00 2.138459667952975415e-02
5.468994362559457478e+00 2.140301699151931497e-02
5.479932351284577230e+00 2.138650627225558223e-02
5.490892215987146052e+00 2.138437629086259451e-02
5.501874000419120669e+00 2.130989179739324266e-02
5.512877748419959367e+00 2.141436097903621008e-02
5.523903503916799629e+00 2.153098511294872577e-02
5.534951310924633994e+00 2.141196371309025265e-02
5.546021213546483253e+00 2.148558375889341246e-02
5.557113255973576749e+00 2.141649966144222941e-02
5.568227482485523794e+00 2.150976989966842459e-02
5.579363937450495747e+00 2.144659715609691444e-02
5.590522665325396545e+00 2.139127206441521559e-02
5.601703710656048329e+00 2.137378216669304568e-02
5.612907118077360202e+00 2.146673602061047181e-02
5.624132932313515632e+00 2.137605857957812147e-02
5.635381198178142981e+00 2.132407320753886004e-02
5.646651960574499363e+00 2.146931666787391460e-02
5.657945264495649162e+00 2.143166345177921830e-02
5.669261155024640786e+00 2.137821054781345945e-02
5.680599677334690512e+00 2.144874462365507772e-02
5.691960876689360127e+00 2.149240492540838848e-02
5.703344798442739005e+00 2.132131638403210461e-02
5.714751488039625293e+00 2.156102331124984742e-02
5.726180991015704436e+00 2.149149507074490581e-02
5.737633352997736580e+00 2.146798475330121900e-02
5.749108619703732437e+00 2.130229063355867578e-02
5.760606836943139797e+00 2.145270360561352119e-02
5.772128050617026496e+00 2.146915692120678412e-02
5.783672306718260714e+00 2.152861333926861520e-02
5.795239651331697495e+00 2.130781073881537341e-02
5.806830130634361709e+00 2.135584291099531032e-02
5.818443790895631018e+00 2.146658175941662527e-02
5.830080678477422396e+00 2.152544566262970180e-02
5.841740839834377752e+00 2.147180555762239623e-02
5.853424321514046902e+00 2.134713811032434155e-02
5.865131170157074969e+00 2.144001596332122811e-02
5.876861432497389792e+00 2.147391063747670220e-02
5.888615155362384890e+00 2.140919479243807294e-02
5.900392385673109530e+00 2.159860311877077194e-02
5.912193170444456136e+00 2.133983417754519926e-02
5.924017556785345917e+00 2.133323429674400043e-02
5.935865591898917160e+00 2.149080792466544210e-02
5.947737323082715299e+00 2.150657175830505280e-02
5.959632797728880327e+00 2.127276268984908819e-02
5.971552063324338633e+00 2.149110846895119567e-02
5.983495167450987751e+00 2.128542125136708568e-02
5.995462157785889978e+00 2.133575367935511280e-02
6.007453082101462449e+00 2.124710727956543102e-02
6.019467988265665426e+00 2.138779023596004691e-02
6.031506924242197698e+00 2.137592780881097596e-02
6.043569938090682214e+00 2.145005338919291071e-02
6.055657077966864144e+00 2.147467058456795780e-02
6.067768392122798282e+00 2.129612304974903489e-02
6.079903928907044453e+00 2.125164634096597671e-02
6.092063736764858461e+00 2.126463761865771476e-02
6.104247864238388388e+00 2.131692796381354921e-02
6.116456359966865541e+00 2.143094013370400175e-02
6.128689272686799860e+00 2.112778013734336810e-02
6.140946651232173537e+00 2.123060972584100634e-02
6.153228544534638189e+00 2.135646610728185804e-02
6.165535001623708489e+00 2.137999937056942260e-02
6.177866071626955780e+00 2.124036448541286037e-02
6.190221803770210585e+00 2.123307743555236798e-02
6.202602247377750899e+00 2.123017055972747230e-02
6.215007451872507360e+00 2.123075594433789307e-02
6.227437466776252428e+00 2.120801966847901676e-02
6.239892341709805557e+00 2.135824042040619999e-02
6.252372126393225038e+00 2.117586769085474940e-02
6.264876870646012286e+00 2.127687076691879911e-02
6.277406624387304568e+00 2.124603834707096753e-02
6.289961437636079289e+00 2.120487115837900449e-02
6.302541360511352053e+00 2.117263458416765096e-02
6.315146443232374729e+00 2.127625523755469900e-02
6.327776736118840617e+00 2.115556625597654616e-02
6.340432289591078074e+00 2.132362150191311617e-02
6.353113154170261012e+00 2.125989192108163062e-02
6.365819380478601630e+00 2.115782297494278597e-02
6.378551019239559139e+00 2.123050689542068520e-02
6.391308121278038712e+00 2.128684315776839531e-02
6.404090737520595766e+00 2.129068452759188407e-02
6.416898918995636691e+00 2.150969940807788763e-02
6.429732716833628459e+00 2.134008288073014487e-02
6.442592182267296685e+00 2.121438197339132678e-02
6.455477366631831693e+00 2.137010801613924496e-02
6.468388321365095450e+00 2.142701033656252418e-02
6.481325098007825858e+00 2.160534429240210455e-02
6.494287748203841915e+00 2.147148653126244519e-02
6.507276323700249776e+00 2.144297497647203177e-02
6.520290876347650588e+00 2.148571088320044842e-02
6.533331458100346545e+00 2.144560477680548805e-02
6.546398121016547833e+00 2.146854061036649816e-02
6.559490917258581355e+00 2.153795801830901691e-02
6.572609899093098562e+00 2.164964060752071900e-02
6.585755118891285065e+00 2.144200351846683311e-02
6.598926629129068466e+00 2.175647294135362939e-02
6.612124482387327085e+00 2.152261123905359688e-02
6.625348731352102227e+00 2.189568172715350772e-02
6.638599428814806913e+00 2.172411153776430612e-02
6.651876627672436371e+00 2.152208945630513376e-02
6.665180380927782089e+00 2.153317827630173500e-02
6.678510741689637875e+00 2.156923147121062034e-02
6.691867763173017458e+00 2.160414348315188929e-02
6.705251498699364099e+00 2.141082855628671094e-02
6.718662001696762864e+00 2.159316550512239280e-02
6.732099325700157344e+00 2.141523605210345765e-02
6.745563524351557483e+00 2.149256226722677174e-02
6.759054651400261626e+00 2.137654214095991920e-02
6.772572760703062578e+00 2.154492514283011528e-02
6.786117906224468754e+00 2.153269779550131408e-02
6.799690142036918239e+00 2.147697571979564207e-02
6.813289522320992830e+00 2.160308540089147383e-02
6.826916101365634759e+00 2.155261900740972764e-02
6.840569933568366956e+00 2.155853117800287516e-02
6.854251073435503550e+00 2.158326294358883443e-02
6.867959575582375464e+00 2.157304587883142333e-02
6.881695494733540031e+00 2.155207503447933645e-02
6.895458885723007469e+00 2.133386812497309326e-02
6.909249803494454056e+00 2.141315445480192550e-02
6.923068303101443277e+00 2.144903740244886656e-02
6.936914439707646984e+00 2.143696543937639865e-02
6.950788268587063001e+00 2.137878422882119947e-02
6.964689845124237166e+00 2.156769719547663861e-02
6.978619224814486266e+00 2.132540666980609761e-02
6.992576463264115638e+00 2.129684801038369754e-02
7.006561616190643882e+00 2.146986953780519528e-02
7.020574739423025790e+00 2.153458813095574659e-02
7.034615888901872616e+00 2.132766434518569912e-02
7.048685120679676785e+00 2.161869837132835911e-02
7.062782490921036604e+00 2.145168847802260415e-02
7.076908055902879191e+00 2.159734322299746573e-02
7.091061872014685186e+00 2.165028235358698247e-02
7.105243995758715236e+00 2.176568818158758009e-02
7.119454483750232932e+00 2.186153853076679143e-02
7.133693392717733950e+00 2.183031001127683918e-02
7.147960779503169881e+00 2.193736767570500165e-02
7.162256701062176489e+00 2.195887964294059719e-02
7.176581214464301084e+00 2.209605780410255071e-02
7.190934376893229896e+00 2.207543364691600882e-02
7.205316245647017226e+00 2.223408933401662194e-02
7.219726878138311932e+00 2.220247766043399046e-02
7.234166331894588353e+00 2.228575002866184374e-02
7.248634664558378127e+00 2.231371435154801477e-02
7.263131933887495784e+00 2.233049706620772110e-02
7.277658197755270564e+00 2.233653992056234064e-02
7.292213514150781783e+00 2.235289007709346729e-02
7.306797941179083544e+00 2.231160425530527222e-02
7.321411537061442765e+00 2.228849630935859222e-02
7.336054360135565666e+00 2.234209711024619585e-02
7.350726468855837581e+00 2.233843444645355891e-02
7.365427921793549437e+00 2.235181144652945498e-02
7.380158777637137568e+00 2.234095678600981488e-02
7.394919095192411973e+00 2.230872327148758494e-02
7.409708933382797014e+00 2.233209579973680428e-02
7.424528351249563229e+00 2.232142871148226279e-02
7.439377407952062704e+00 2.234556788266181537e-02
7.454256162767967098e+00 2.231721431054460927e-02
7.469164675093503902e+00 2.237482277871872052e-02
7.484103004443690921e+00 2.232306262069497921e-02
7.499071210452578740e+00 2.230840483751031500e-02
7.514069352873485208e+00 2.227678307803473978e-02
7.529097491579232582e+00 2.230874147777411193e-02
7.544155686562390883e+00 2.231840008593314814e-02
7.559243997935516823e+00 2.223554649549666640e-02
7.574362485931388278e+00 2.230964934944862366e-02
7.589511210903251204e+00 2.231867658810810645e-02
7.604690233325057669e+00 2.233919138951331179e-02
7.619899613791708326e+00 2.231713202430470055e-02
7.635139413019292220e+00 2.226488863381989591e-02
7.650409691845331928e+00 2.224683730077867475e-02
7.665710511229022472e+00 2.224695567570464383e-02
7.681041932251480908e+00 2.218096786097193893e-02
7.696404016115984348e+00 2.216608942328915366e-02
7.711796824148216878e+00 2.220274374473267531e-02
7.727220417796513807e+00 2.209639913500631436e-02
7.742674858632107693e+00 2.221129379161800727e-02
7.758160208349372589e+00 2.203686714476830663e-02
7.773676528766071847e+00 2.198812472530768322e-02
7.789223881823604145e+00 2.191164902984524612e-02
7.804802329587252174e+00 2.194179529277081458e-02
7.820411934246426888e+00 2.173656985151064744e-02
7.836052758114919747e+00 2.172427892084852208e-02
7.851724863631150519e+00 2.171453948364178779e-02
7.867428313358413305e+00 2.173018753210423371e-02
7.883163169985130558e+00 2.167157122531034735e-02
7.898929496325100885e+00 2.169194192800019336e-02
7.914727355317752178e+00 2.153868135490647623e-02
7.930556810028387638e+00 2.147405253002776515e-02
7.946417923648445125e+00 2.141512124208634280e-02
7.962310759495742296e+00 2.159207299122407192e-02
7.978235381014735061e+00 2.151981985025602784e-02
7.994191851776764501e+00 2.139094558397429055e-02
8.010180235480317990e+00 2.146237515594757658e-02
8.026200595951280548e+00 2.144181465749779927e-02
8.042252997143183535e+00 2.150253811397525097e-02
8.058337503137469326e+00 2.142005659101824111e-02
8.074454178143744443e+00 2.149067162602896763e-02
8.090603086500033569e+00 2.139859091434743663e-02
8.106784292673033576e+00 2.149953973536858354e-02
8.122997861258379970e+00 2.146815395488980635e-02
8.139243856980897363e+00 2.141017645009160933e-02
8.155522344694860593e+00 2.156646113032898229e-02
8.171833389384250523e+00 2.150696769120300292e-02
8.188177056163018719e+00 2.152484783606262164e-02
8.204553410275345016e+00 2.159389315570713758e-02
8.220962517095896871e+00 2.148961055184922531e-02
8.237404442130088711e+00 2.153114044287008505e-02
8.253879251014350160e+00 2.153380368946688356e-02
8.270387009516378285e+00 2.156306985811860810e-02
8.286927783535412928e+00 2.153365085159547609e-02
8.303501639102483622e+00 2.146851950939770645e-02
8.320108642380688480e+00 2.158294522269567015e-02
8.336748859665451761e+00 2.160733343288472746e-02
8.353422357384783226e+00 2.160097258037487616e-02
8.370129202099551691e+00 2.164793459429730643e-02
8.386869460503751483e+00 2.166871946685320141e-02
8.403643199424760013e+00 2.157628105335217261e-02
8.420450485823609554e+00 2.165953050322520779e-02
8.437291386795257253e+00 2.169263588063217660e-02
8.454165969568848027e+00 2.170458293700950822e-02
8.471074301507986348e+00 2.163228389682851985e-02
8.488016450111004474e+00 2.174897473299932174e-02
8.504992483011225346e+00 2.175914713834916150e-02
8.522002467977248585e+00 2.176664282455323743e-02
8.539046472913204511e+00 2.177754121243030694e-02
8.556124565859031250e+00 2.177762311181708973e-02
8.573236814990750077e+00 2.177164694843540180e-02
8.590383288620731861e+00 2.175000969526088082e-02
8.607564055197974184e+00 2.165480193158676736e-02
8.624779183308369568e+00 2.172409668223644619e-02
8.642028741674987913e+00 2.167446283133667856e-02
8.659312799158337626e+00 2.161461509720919230e-02
8.676631424756655164e+00 2.168544273286252683e-02
8.693984687606169715e+00 2.155191870391635900e-02
8.711372656981382079e+00 2.153683872751934944e-02
8.728795402295345340e+00 2.156494188171476090e-02
8.746252993099936646e+00 2.148179443443958697e-02
8.763745499086136093e+00 2.157411739795282377e-02
8.781272990084309171e+00 2.148898521595473191e-02
8.798835536064478546e+00 2.161541832999657950e-02
8.816433207136608274e+00 2.154089029956767279e-02
8.834066073550882692e+00 2.156585927952590909e-02
8.851734205697983526e+00 2.160604480364588728e-02
8.869437674109381220e+00 2.158361683071105541e-02
8.887176549457599606e+00 2.163415310833452856e-02
8.904950902556516112e+00 2.157334271444330542e-02
8.922760804361629994e+00 2.169591436695170530e-02
8.940606325970353652e+00 2.168571719157986327e-02
8.958487538622295077e+00 2.166890072343673895e-02
8.976404513699540288e+00 2.170400983894984343e-02
8.994357322726939330e+00 2.170511737495472646e-02
9.012346037372394036e+00 2.160532605064079820e-02
9.030370729447138700e+00 2.164231022057552106e-02
9.048431470906033169e+00 2.159600179198912714e-02
9.066528333847847065e+00 2.163063798819501310e-02
9.084661390515542223e+00 2.163493894562091430e-02
9.102830713296574672e+00 2.159573953043099348e-02
9.121036374723168194e+00 2.157044681653697005e-02
9.139278447472614531e+00 2.155188678058966162e-02
9.157557004367561149e+00 2.157709653680984010e-02
9.175872118376297237e+00 2.154831424676538487e-02
9.194223862613050358e+00 2.152239099397807581e-02
9.212612310338275989e+00 2.151574202583893258e-02
9.231037534958954183e+00 2.147176349255125460e-02
9.249499610028871999e+00 2.152213706892115025e-02
9.267998609248930819e+00 2.143638705517471668e-02
9.286534606467428787e+00 2.146844988523973624e-02
9.305107675680364565e+00 2.141833479170527493e-02
9.323717891031725102e+00 2.137730554132957761e-02
9.342365326813789395e+00 2.137819542540470366e-02
9.361050057467418029e+00 2.133195737858050930e-02
9.379772157582353387e+00 2.136313040974907942e-02
9.398531701897518076e+00 2.136556190000409722e-02
9.417328765301313354e+00 2.131023136855947353e-02
9.436163422831917558e+00 2.136426999331174012e-02
9.455035749677580981e+00 2.133068951530268931e-02
9.473945821176936732e+00 2.129701288417821040e-02
9.492893712819292062e+00 2.128044609486367048e-02
9.511879500244930341e+00 2.125207053948554789e-02
9.530903259245421921e+00 2.122614651416168674e-02
9.549965065763913685e+00 2.118552602805102644e-02
9.569064995895441683e+00 2.123873901364703790e-02
9.588203125887233114e+00 2.122407123065392365e-02
9.607379532139008305e+00 2.122807985269233380e-02
9.626594291203286247e+00 2.121289487519756323e-02
9.645847479785693679e+00 2.120364489794888951e-02
9.665139174745265294e+00 2.116701189375756395e-02
9.684469453094756375e+00 2.117805773981070241e-02
9.703838392000946556e+00 2.116066882208587560e-02
9.723246068784948903e+00 2.115641336284918364e-02
9.742692560922520784e+00 2.109334440173510003e-02
9.762177946044365839e+00 2.108936391613574698e-02
9.781702301936455513e+00 2.111157348879632092e-02
9.801265706540329248e+00 2.106727410742604417e-02
9.820868237953408908e+00 2.115535540426916744e-02
9.840509974429316742e+00 2.104574110968297426e-02
9.860190994378175589e+00 2.110179341175397530e-02
9.879911376366933951e+00 2.111075316525422643e-02
9.899671199119667975e+00 2.121164367684909985e-02
9.919470541517908302e+00 2.107677061241388858e-02
9.939309482600943824e+00 2.101003283328650023e-02
9.959188101566146756e+00 2.106320750139929407e-02
9.979106477769279948e+00 2.102870106494147961e-02
9.999064690724818405e+00 2.102020095066561844e-02
1.001906282010627081e+01 2.108561983258876865e-02
1.003910094574647971e+01 2.102813158049949768e-02
1.005917914763797860e+01 2.105937657324046669e-02
1.007929750593324947e+01 2.104218645962258397e-02
1.009945610094512247e+01 2.103341316689311472e-02
1.011965501314700688e+01 2.102418188595478465e-02
1.013989432317330674e+01 2.098261096712629448e-02
1.016017411181965002e+01 2.098586318993326053e-02
1.018049446004329539e+01 2.101116337971980358e-02
1.020085544896337737e+01 2.093767383631257861e-02
1.022125715986130956e+01 2.103492211314913346e-02
1.024169967418102800e+01 2.098043018244573690e-02
1.026218307352939441e+01 2.098993724191188306e-02
1.028270743967645018e+01 2.104674423263774158e-02
1.030327285455580899e+01 2.102937303137062536e-02
1.032387940026491435e+01 2.103476841685900448e-02
1.034452715906545173e+01 2.102518782145273296e-02
1.036521621338357768e+01 2.101676130718716645e-02
1.038594664581034976e+01 2.101911067554126933e-02
1.040671853910196631e+01 2.111949571667277523e-02
1.042753197618017680e+01 2.112219479121963187e-02
1.044838704013253228e+01 2.101422538751951397e-02
1.046928381421280285e+01 2.104878942466801434e-02
1.049022238184122457e+01 2.105318895693371675e-02
1.051120282660491156e+01 2.100527038825445586e-02
1.053222523225811713e+01 2.100029127494731918e-02
1.055328968272264056e+01 2.103123691099169010e-02
1.057439626208807937e+01 2.110865372356836647e-02
1.059554505461226270e+01 2.106303917063567788e-02
1.061673614472148230e+01 2.104576914345177713e-02
1.063796961701093124e+01 2.101865452856489097e-02
1.065924555624494907e+01 2.102974416386708262e-02
1.068056404735744458e+01 2.097306409360813820e-02
1.070192517545215516e+01 2.099646608255014910e-02
1.072332902580306424e+01 2.102268176240467898e-02
1.074477568385466597e+01 2.100244527245503576e-02
1.076626523522238088e+01 2.108347658887651382e-02
1.078779776569282234e+01 2.101566175801396208e-02
1.080937336122421399e+01 2.095964949907139219e-02
1.083099210794665623e+01 2.098326700962744110e-02
1.085265409216255605e+01 2.101080038199305139e-02
1.087435940034687754e+01 2.106705677432250262e-02
1.089610811914757704e+01 2.104973239894379969e-02
1.091790033538586613e+01 2.097384010411951563e-02
1.093973613605664497e+01 2.108331372025128506e-02
1.096161560832875281e+01 2.099597263274361261e-02
1.098353883954541743e+01 2.118180750580700780e-02
1.100550591722450378e+01 2.107229768019126467e-02
1.102751692905895808e+01 2.111781881726175827e-02
1.104957196291707078e+01 2.106622100864493502e-02
1.107167110684291167e+01 2.103118634896337935e-02
1.109381444905659286e+01 2.099441525642990747e-02
1.111600207795471285e+01 2.102289255882508132e-02
1.113823408211061583e+01 2.100834439801821038e-02
1.116051055027484473e+01 2.105188871388041782e-02
1.118283157137538808e+01 2.103042901405298426e-02
1.120519723451814542e+01 2.103766477618382313e-02
1.122760762898717779e+01 2.106476719311428311e-02
1.125006284424515890e+01 2.100519783824644077e-02
1.127256296993364337e+01 2.103918207748029304e-02
1.129510809587351794e+01 2.098432056171941479e-02
1.131769831206525900e+01 2.112007530973892752e-02
1.134033370868939627e+01 2.101592937724523769e-02
1.136301437610677034e+01 2.100990760552339659e-02
1.138574040485898919e+01 2.101464142322120518e-02
1.140851188566870356e+01 2.097992567063451316e-02
1.143132890944004743e+01 2.100119149822119238e-02
1.145419156725892229e+01 2.103397648164236078e-02
1.147709995039344655e+01 2.102749105093956392e-02
1.150005415029422728e+01 2.095861424364953499e-02
1.152305425859482213e+01 2.099170968397817000e-02
1.154610036711200749e+01 2.108252508429605057e-02
1.156919256784623862e+01 2.103292696939635872e-02
1.159233095298192495e+01 2.101390249671875737e-02
1.161551561488789552e+01 2.101973485916174694e-02
1.163874664611766541e+01 2.113948850334226859e-02
1.166202413940990823e+01 2.101794686083178001e-02
1.168534818768872263e+01 2.102418760190426575e-02
1.170871888406410655e+01 2.106850186940974895e-02
1.173213632183223076e+01 2.118398465521674837e-02
1.175560059447590078e+01 2.114219465721165273e-02
1.177911179566484812e+01 2.107656749590912718e-02
1.180267001925618331e+01 2.101435323543379349e-02
1.182627535929469076e+01 2.108675538358237289e-02
1.184992791001328705e+01 2.100244401380698886e-02
1.187362776583330870e+01 2.104835047475173831e-02
1.189737502136498115e+01 2.112024289529922799e-02
1.192116977140770651e+01 2.104657111053439070e-02
1.194501211095052895e+01 2.101382223854793285e-02
1.196890213517242429e+01 2.111459941859111789e-02
1.199283993944277604e+01 2.099079505591512629e-02
1.201682561932165605e+01 2.103950535103809791e-02
1.204085927056030592e+01 2.108613053354105663e-02
1.206494098910142121e+01 2.109788043124594115e-02
1.208907087107963108e+01 2.114545432738337491e-02
1.211324901282178601e+01 2.108624019414133410e-02
1.213747551084743570e+01 2.107206987038279591e-02
1.216175046186912567e+01 2.104449276527298532e-02
1.218607396279286981e+01 2.098880553411302391e-02
1.221044611071845054e+01 2.106612780073130811e-02
1.223486700293989493e+01 2.104618896198526268e-02
1.225933673694576953e+01 2.113285130353121863e-02
1.228385541041966711e+01 2.115212876381379614e-02
1.230842312124050153e+01 2.107964982633046477e-02
1.233303996748298914e+01 2.103919907023910768e-02
1.235770604741794898e+01 2.105845210625661643e-02
1.238242145951279305e+01 2.114195912009686137e-02
1.240718630243181231e+01 2.119799242203133580e-02
1.243200067503668294e+01 2.112075374787121887e-02
1.245686467638675055e+01 2.120827269032221976e-02
1.248177840573953290e+01 2.111162207081255376e-02
