# wavelength wavelength_err transit_depth transit_depth_err
2.826006e+00	1.924544e-02	2.166384e+04	4.443392e+02
2.806767e+00	1.923257e-02	2.203710e+04	3.823910e+02
2.788047e+00	1.820818e-02	2.201303e+04	3.478252e+02
2.769844e+00	1.819650e-02	2.200022e+04	3.834090e+02
2.752159e+00	1.717450e-02	2.177069e+04	3.569064e+02
2.734990e+00	1.716401e-02	2.233635e+04	3.480252e+02
2.718335e+00	1.614487e-02	2.200425e+04	3.269592e+02
2.702195e+00	1.613533e-02	2.250829e+04	3.290567e+02
2.686568e+00	1.511810e-02	2.249670e+04	3.455522e+02
2.671454e+00	1.511023e-02	2.245736e+04	3.266084e+02
2.656348e+00	1.510165e-02	2.203498e+04	3.153690e+02
2.641251e+00	1.509354e-02	2.218719e+04	2.766915e+02
2.626664e+00	1.407965e-02	2.163105e+04	3.033073e+02
2.612588e+00	1.407249e-02	2.191799e+04	2.862334e+02
2.598519e+00	1.406510e-02	2.116275e+04	3.183905e+02
2.584960e+00	1.305407e-02	2.123260e+04	3.122159e+02
2.571909e+00	1.304787e-02	2.178923e+04	3.370232e+02
2.558864e+00	1.304167e-02	2.169125e+04	2.991580e+02
2.545825e+00	1.303547e-02	2.144468e+04	2.856511e+02
2.533294e+00	1.202706e-02	2.135174e+04	2.855371e+02
2.521270e+00	1.202158e-02	2.159940e+04	2.776352e+02
2.509251e+00	1.201657e-02	2.156560e+04	2.689106e+02
2.497237e+00	1.201109e-02	2.110436e+04	2.688545e+02
2.485228e+00	1.200560e-02	2.110319e+04	2.698550e+02
2.473725e+00	1.100053e-02	2.188691e+04	2.823400e+02
2.462727e+00	1.099624e-02	2.173363e+04	2.613972e+02
2.451733e+00	1.099171e-02	2.177648e+04	2.466703e+02
2.440744e+00	1.098694e-02	2.098797e+04	2.609332e+02
2.429759e+00	1.098265e-02	2.100067e+04	2.670072e+02
2.419277e+00	9.980433e-03	2.136835e+04	2.871244e+02
2.409299e+00	9.976619e-03	2.117251e+04	2.623468e+02
2.399324e+00	9.973043e-03	2.105719e+04	2.742670e+02
2.389353e+00	9.969229e-03	2.121233e+04	2.724541e+02
2.379386e+00	9.965414e-03	2.185532e+04	2.610925e+02
2.369422e+00	9.961838e-03	2.102017e+04	2.562919e+02
2.359462e+00	9.958262e-03	2.159618e+04	2.293191e+02
2.349506e+00	9.954448e-03	2.113643e+04	2.508191e+02
2.340050e+00	8.955809e-03	2.115253e+04	2.466380e+02
2.331096e+00	8.952710e-03	2.122072e+04	2.398276e+02
2.322145e+00	8.949849e-03	2.110892e+04	2.426668e+02
2.313197e+00	8.946750e-03	2.098832e+04	2.431811e+02
2.304251e+00	8.943889e-03	2.123292e+04	2.279305e+02
2.295309e+00	8.940790e-03	2.115851e+04	2.454138e+02
2.286370e+00	8.937929e-03	2.079623e+04	2.342317e+02
2.277930e+00	7.942151e-03	2.113759e+04	2.523569e+02
2.269988e+00	7.940005e-03	2.127324e+04	2.510337e+02
2.262050e+00	7.937383e-03	2.110082e+04	2.401540e+02
2.254113e+00	7.935237e-03	2.073508e+04	2.465623e+02
2.246179e+00	7.932853e-03	2.092499e+04	2.429121e+02
2.238248e+00	7.930231e-03	2.096020e+04	2.320806e+02
2.230319e+00	7.928085e-03	2.099750e+04	2.382713e+02
2.222392e+00	7.925701e-03	2.037815e+04	4.477747e+02
2.214467e+00	7.923317e-03	2.062425e+04	2.583257e+02
2.206545e+00	7.920933e-03	2.063660e+04	2.544570e+02
2.198625e+00	7.918549e-03	2.106560e+04	2.302904e+02
2.191203e+00	6.926824e-03	2.102678e+04	2.381624e+02
2.184277e+00	6.925155e-03	2.048192e+04	2.571455e+02
2.177353e+00	6.923248e-03	2.059564e+04	2.627418e+02
2.170430e+00	6.921340e-03	2.066225e+04	2.611660e+02
2.163510e+00	6.919672e-03	2.117762e+04	2.319491e+02
2.156591e+00	6.917764e-03	2.104512e+04	2.406220e+02
2.149674e+00	6.915857e-03	2.075328e+04	2.399785e+02
2.142759e+00	6.914189e-03	2.085112e+04	2.317572e+02
2.135846e+00	6.912281e-03	2.088434e+04	2.250471e+02
2.128935e+00	6.910613e-03	2.092297e+04	2.385847e+02
2.122025e+00	6.908705e-03	2.125461e+04	2.111026e+02
2.115117e+00	6.907037e-03	2.069892e+04	2.223744e+02
2.108211e+00	6.905130e-03	2.081360e+04	2.217432e+02
2.101307e+00	6.903222e-03	2.102136e+04	2.202980e+02
2.094897e+00	5.915788e-03	2.127223e+04	2.257198e+02
2.088982e+00	5.914357e-03	2.133419e+04	2.233441e+02
2.083068e+00	5.913165e-03	2.101819e+04	2.243532e+02
2.077156e+00	5.911735e-03	2.087352e+04	2.178944e+02
2.071245e+00	5.910305e-03	2.096859e+04	2.286363e+02
2.065335e+00	5.909113e-03	2.143427e+04	2.202571e+02
2.059427e+00	5.907682e-03	2.105742e+04	2.188375e+02
2.053520e+00	5.906490e-03	2.111689e+04	2.063392e+02
2.047614e+00	5.905060e-03	2.126581e+04	1.997586e+02
2.041710e+00	5.903629e-03	2.095494e+04	1.941965e+02
2.035807e+00	5.902437e-03	2.134204e+04	1.969729e+02
2.029905e+00	5.901246e-03	2.179829e+04	2.109704e+02
2.024004e+00	5.899815e-03	2.121436e+04	1.979060e+02
2.018105e+00	5.898385e-03	2.149032e+04	1.967611e+02
2.012207e+00	5.897193e-03	2.161111e+04	1.955437e+02
2.006311e+00	5.895762e-03	2.167382e+04	2.070426e+02
2.000907e+00	4.912261e-03	2.121601e+04	2.078459e+02
1.995995e+00	4.911188e-03	2.063729e+04	2.034570e+02
1.991084e+00	4.910354e-03	2.100989e+04	2.020982e+02
1.986174e+00	4.909400e-03	2.133947e+04	2.030438e+02
1.981266e+00	4.908447e-03	2.173080e+04	3.538050e+02
1.976357e+00	4.907613e-03	2.079686e+04	3.632375e+02
1.971450e+00	4.906659e-03	2.145833e+04	3.668336e+02
1.966544e+00	4.905705e-03	2.147463e+04	2.088168e+02
1.961639e+00	4.904871e-03	2.173515e+04	1.988172e+02
1.956735e+00	4.903798e-03	2.174113e+04	1.893873e+02
1.951831e+00	4.902964e-03	2.144330e+04	2.037644e+02
1.946929e+00	4.902129e-03	2.166402e+04	2.133526e+02
1.942027e+00	4.901176e-03	2.144338e+04	1.974172e+02
1.937126e+00	4.900103e-03	2.143767e+04	2.011146e+02
1.932227e+00	4.899388e-03	2.165636e+04	1.798602e+02
1.927328e+00	4.898315e-03	2.115276e+04	1.986190e+02
1.922430e+00	4.897481e-03	2.165614e+04	1.920521e+02
1.917533e+00	4.896527e-03	2.123702e+04	1.785101e+02
1.912637e+00	4.895693e-03	2.137125e+04	1.839124e+02
1.907742e+00	4.894620e-03	2.157884e+04	1.760289e+02
1.902847e+00	4.893786e-03	2.142622e+04	1.738006e+02
1.897954e+00	4.892832e-03	2.117727e+04	1.809824e+02
1.893062e+00	4.891998e-03	2.128227e+04	1.849976e+02
1.888170e+00	4.891044e-03	2.137537e+04	1.876088e+02
1.883280e+00	4.890090e-03	2.188384e+04	1.873489e+02
1.878390e+00	4.889137e-03	2.153202e+04	1.738998e+02
1.873501e+00	4.888302e-03	2.158687e+04	2.589818e+02
1.868613e+00	4.887349e-03	2.149667e+04	2.225049e+02
1.863726e+00	4.886514e-03	2.178296e+04	1.590226e+02
1.858840e+00	4.885442e-03	2.149836e+04	1.680834e+02
1.854444e+00	3.907781e-03	2.216823e+04	1.908559e+02
1.850536e+00	3.907185e-03	2.141264e+04	1.779550e+02
1.846630e+00	3.906589e-03	2.167081e+04	1.886795e+02
1.842723e+00	3.905993e-03	2.151160e+04	1.809104e+02
1.838818e+00	3.905397e-03	2.171367e+04	1.856719e+02
1.834912e+00	3.904801e-03	2.129361e+04	1.993029e+02
1.831008e+00	3.904205e-03	2.173174e+04	1.871191e+02
1.827104e+00	3.903609e-03	2.109495e+04	1.702559e+02
1.823201e+00	3.903133e-03	2.158489e+04	1.754793e+02
1.819298e+00	3.902417e-03	2.146473e+04	1.782782e+02
1.815396e+00	3.901941e-03	2.147469e+04	1.814522e+02
1.811494e+00	3.901225e-03	2.127629e+04	1.838266e+02
1.807593e+00	3.900749e-03	2.124138e+04	1.658950e+02
1.803693e+00	3.900153e-03	2.137541e+04	1.702314e+02
1.799793e+00	3.899437e-03	2.105434e+04	1.732386e+02
1.795894e+00	3.898961e-03	2.162701e+04	1.578373e+02
1.791995e+00	3.898365e-03	2.135780e+04	1.591701e+02
1.788097e+00	3.897769e-03	2.124091e+04	1.640290e+02
1.784199e+00	3.897173e-03	2.102178e+04	4.847409e+02
1.780303e+00	3.896577e-03	2.144685e+04	1.707284e+02
1.776406e+00	3.896100e-03	2.116429e+04	1.695153e+02
1.772511e+00	3.895385e-03	2.117016e+04	1.608499e+02
1.768615e+00	3.894789e-03	2.131713e+04	1.834620e+02
1.764721e+00	3.894312e-03	2.136354e+04	1.666961e+02
1.760827e+00	3.893597e-03	2.143169e+04	1.549561e+02
1.756934e+00	3.893120e-03	2.150994e+04	1.656207e+02
1.753041e+00	3.892405e-03	2.105849e+04	1.572151e+02
1.749149e+00	3.891928e-03	2.108328e+04	1.535229e+02
1.745257e+00	3.891332e-03	2.098013e+04	1.539307e+02
1.741366e+00	3.890736e-03	2.120630e+04	1.585409e+02
1.737476e+00	3.890140e-03	2.096672e+04	1.615467e+02
1.733586e+00	3.889544e-03	2.125086e+04	1.587326e+02
1.729696e+00	3.888948e-03	2.092759e+04	1.513713e+02
1.725808e+00	3.888352e-03	2.088112e+04	1.756820e+02
1.721920e+00	3.887875e-03	2.092612e+04	1.524590e+02
1.718032e+00	3.887160e-03	2.123182e+04	1.527344e+02
1.714145e+00	3.886683e-03	2.107829e+04	1.517927e+02
1.710259e+00	3.885968e-03	2.111361e+04	1.541340e+02
1.706373e+00	3.885491e-03	2.076637e+04	1.446351e+02
1.702488e+00	3.884895e-03	2.086010e+04	1.418434e+02
1.698603e+00	3.884180e-03	2.096207e+04	1.471641e+02
1.695205e+00	2.912837e-03	2.106713e+04	1.673243e+02
1.692292e+00	2.912479e-03	2.095829e+04	1.721855e+02
1.689380e+00	2.912241e-03	2.073710e+04	1.672118e+02
1.686468e+00	2.911764e-03	2.133293e+04	1.575934e+02
1.683556e+00	2.911526e-03	2.093665e+04	1.645819e+02
1.680645e+00	2.911168e-03	2.089699e+04	1.727315e+02
1.677734e+00	2.910811e-03	2.089196e+04	1.497971e+02
1.674823e+00	2.910572e-03	2.079973e+04	1.596043e+02
1.671913e+00	2.910215e-03	2.088259e+04	1.533077e+02
1.669003e+00	2.909857e-03	2.090184e+04	1.696634e+02
1.666093e+00	2.909500e-03	2.112157e+04	1.660685e+02
1.663184e+00	2.909142e-03	2.118601e+04	1.552776e+02
1.660275e+00	2.908904e-03	2.091844e+04	1.443550e+02
1.657366e+00	2.908546e-03	2.108366e+04	1.456005e+02
1.654458e+00	2.908188e-03	2.128736e+04	1.587655e+02
1.651550e+00	2.907831e-03	2.109901e+04	1.542311e+02
1.648642e+00	2.907592e-03	2.089254e+04	1.608073e+02
1.645735e+00	2.907235e-03	2.101245e+04	1.523362e+02
1.642828e+00	2.906877e-03	2.117918e+04	1.383091e+02
1.639921e+00	2.906520e-03	2.086834e+04	1.496151e+02
1.637014e+00	2.906281e-03	2.126448e+04	1.566263e+02
1.634108e+00	2.905924e-03	2.138982e+04	1.485453e+02
1.631203e+00	2.905566e-03	2.086897e+04	1.505466e+02
1.628297e+00	2.905208e-03	2.108386e+04	1.483475e+02
1.625392e+00	2.904970e-03	2.115110e+04	1.406885e+02
1.622487e+00	2.904612e-03	2.125001e+04	1.588805e+02
1.619583e+00	2.904255e-03	2.126780e+04	1.385161e+02
1.616679e+00	2.903897e-03	2.130233e+04	1.506826e+02
1.613775e+00	2.903540e-03	2.109618e+04	1.411386e+02
1.610872e+00	2.903301e-03	2.107585e+04	1.408292e+02
1.607969e+00	2.902944e-03	2.125221e+04	1.422182e+02
1.605066e+00	2.902586e-03	2.108070e+04	1.487589e+02
1.602163e+00	2.902348e-03	2.112012e+04	1.693545e+02
1.599261e+00	2.901871e-03	2.120560e+04	1.513047e+02
1.596359e+00	2.901632e-03	2.134815e+04	1.564354e+02
1.593458e+00	2.901394e-03	2.088556e+04	1.448051e+02
1.590557e+00	2.900917e-03	2.118968e+04	1.522340e+02
1.587656e+00	2.900679e-03	2.110544e+04	1.415325e+02
1.584755e+00	2.900321e-03	2.133062e+04	1.461135e+02
1.581855e+00	2.899964e-03	2.129409e+04	1.441852e+02
1.578956e+00	2.899606e-03	2.129672e+04	1.464269e+02
1.576056e+00	2.899368e-03	2.129734e+04	1.651027e+02
1.573157e+00	2.899010e-03	2.138097e+04	1.405745e+02
1.570258e+00	2.898653e-03	2.115121e+04	1.344529e+02
1.567360e+00	2.898295e-03	2.122958e+04	1.380231e+02
1.564461e+00	2.898057e-03	2.161411e+04	1.408084e+02
1.561564e+00	2.897699e-03	2.134050e+04	1.425077e+02
1.558666e+00	2.897341e-03	2.110338e+04	1.425905e+02
1.555769e+00	2.896984e-03	2.126827e+04	1.389130e+02
1.552872e+00	2.896745e-03	2.126761e+04	1.297826e+02
1.549975e+00	2.896388e-03	2.124821e+04	1.296916e+02
1.547079e+00	2.896030e-03	2.123090e+04	1.403546e+02
1.544183e+00	2.895673e-03	2.105970e+04	1.455419e+02
1.541288e+00	2.895434e-03	2.119866e+04	1.253347e+02
1.538393e+00	2.894957e-03	2.130157e+04	1.377280e+02
1.535498e+00	2.894838e-03	2.108483e+04	1.255678e+02
1.532603e+00	2.894361e-03	2.129486e+04	1.280692e+02
1.529709e+00	2.894004e-03	2.108010e+04	1.342980e+02
1.526815e+00	2.893765e-03	2.146572e+04	1.216149e+02
1.523921e+00	2.893408e-03	2.126150e+04	1.328012e+02
1.521028e+00	2.893169e-03	2.112999e+04	1.280192e+02
1.518135e+00	2.892693e-03	2.151224e+04	1.415869e+02
1.515243e+00	2.892454e-03	2.129516e+04	1.286511e+02
1.512350e+00	2.892097e-03	2.130153e+04	1.253888e+02
1.509458e+00	2.891739e-03	2.141771e+04	1.247796e+02
1.506567e+00	2.891501e-03	2.136026e+04	1.301728e+02
1.503676e+00	2.891143e-03	2.176290e+04	1.412885e+02
1.500785e+00	2.890785e-03	2.152366e+04	1.392048e+02
1.497894e+00	2.890428e-03	2.112888e+04	1.243691e+02
1.495004e+00	2.890189e-03	2.139628e+04	1.190299e+02
1.492114e+00	2.889832e-03	2.120951e+04	1.296979e+02
1.489224e+00	2.889474e-03	2.164775e+04	1.242190e+02
1.486335e+00	2.889117e-03	2.181305e+04	1.296069e+02
1.483446e+00	2.888878e-03	2.133093e+04	1.216345e+02
1.480557e+00	2.888521e-03	2.164631e+04	1.242514e+02
1.477669e+00	2.888163e-03	2.165439e+04	1.239592e+02
1.474781e+00	2.887806e-03	2.136855e+04	1.183545e+02
1.471893e+00	2.887567e-03	2.162079e+04	1.253763e+02
1.469006e+00	2.887210e-03	2.164494e+04	1.247679e+02
1.466119e+00	2.886852e-03	2.160244e+04	1.176722e+02
1.463232e+00	2.886494e-03	2.149565e+04	1.237991e+02
1.460345e+00	2.886256e-03	2.164593e+04	1.155940e+02
1.457459e+00	2.885898e-03	2.148002e+04	1.364659e+02
1.454574e+00	2.885541e-03	2.146534e+04	1.192215e+02
1.451688e+00	2.885302e-03	2.170153e+04	1.241695e+02
1.448803e+00	2.884945e-03	2.164242e+04	1.191684e+02
1.445918e+00	2.884587e-03	2.162832e+04	1.227626e+02
1.443034e+00	2.884230e-03	2.170401e+04	1.218993e+02
1.440150e+00	2.883872e-03	2.158756e+04	1.195203e+02
1.437266e+00	2.883634e-03	2.172879e+04	1.165022e+02
1.434383e+00	2.883276e-03	2.163046e+04	1.237559e+02
1.431500e+00	2.882918e-03	2.185810e+04	1.207026e+02
1.428617e+00	2.882680e-03	2.178837e+04	1.122733e+02
1.425734e+00	2.882322e-03	2.165761e+04	1.203056e+02
1.422852e+00	2.881965e-03	2.165015e+04	1.175933e+02
1.419970e+00	2.881607e-03	2.167937e+04	1.075079e+02
1.417089e+00	2.881369e-03	2.172623e+04	1.200420e+02
1.414208e+00	2.881011e-03	2.167073e+04	1.144950e+02
1.411327e+00	2.880654e-03	2.166707e+04	1.193656e+02
1.408446e+00	2.880415e-03	2.172205e+04	1.130689e+02
1.405566e+00	2.880058e-03	2.166684e+04	1.138113e+02
1.402686e+00	2.879700e-03	2.156773e+04	1.148471e+02
1.399807e+00	2.879342e-03	2.176329e+04	1.110641e+02
1.396928e+00	2.878985e-03	2.174679e+04	1.176129e+02
1.394049e+00	2.878746e-03	2.145954e+04	1.132039e+02
1.391170e+00	2.878389e-03	2.146024e+04	1.103647e+02
1.388292e+00	2.878150e-03	2.179385e+04	1.133964e+02
1.385894e+00	1.918489e-03	2.174344e+04	1.296633e+02
1.383975e+00	1.918370e-03	2.174686e+04	1.347076e+02
1.382057e+00	1.918250e-03	2.170377e+04	1.315668e+02
1.380139e+00	1.918131e-03	2.156232e+04	1.207511e+02
1.378221e+00	1.918012e-03	2.178144e+04	1.316550e+02
1.376303e+00	1.917774e-03	2.159161e+04	1.299623e+02
1.374385e+00	1.917654e-03	2.158254e+04	1.326702e+02
1.372467e+00	1.917535e-03	2.168076e+04	1.327222e+02
1.370550e+00	1.917416e-03	2.158989e+04	1.412163e+02
1.368632e+00	1.917297e-03	2.168400e+04	1.322199e+02
1.366715e+00	1.917058e-03	2.166624e+04	1.404119e+02
1.364798e+00	1.916939e-03	2.162950e+04	1.373920e+02
1.362881e+00	1.916820e-03	2.181448e+04	1.326145e+02
1.360965e+00	1.916701e-03	2.153442e+04	1.349701e+02
1.359048e+00	1.916462e-03	2.167012e+04	1.270549e+02
1.357132e+00	1.916343e-03	2.180132e+04	1.193153e+02
1.355215e+00	1.916343e-03	2.164435e+04	1.357293e+02
1.353299e+00	1.915986e-03	2.157719e+04	1.287514e+02
1.351383e+00	1.915986e-03	2.179424e+04	1.264087e+02
1.349467e+00	1.915867e-03	2.149491e+04	1.291335e+02
1.347552e+00	1.915628e-03	2.151547e+04	1.285978e+02
1.345636e+00	1.915509e-03	2.167623e+04	1.285602e+02
1.343721e+00	1.915390e-03	2.158261e+04	1.280730e+02
1.341805e+00	1.915271e-03	2.154200e+04	1.315252e+02
1.339890e+00	1.915032e-03	2.164377e+04	1.273647e+02
1.337975e+00	1.914913e-03	2.137493e+04	1.234748e+02
1.336060e+00	1.914794e-03	2.155982e+04	1.293819e+02
1.334145e+00	1.914675e-03	2.148868e+04	1.258739e+02
1.332231e+00	1.914555e-03	2.156063e+04	1.327067e+02
1.330316e+00	1.914317e-03	2.137700e+04	1.288594e+02
1.328402e+00	1.914317e-03	2.138687e+04	1.258606e+02
1.326488e+00	1.914079e-03	2.130112e+04	1.242899e+02
1.324574e+00	1.913840e-03	2.124989e+04	1.358099e+02
1.322660e+00	1.913840e-03	2.142222e+04	1.362176e+02
1.320746e+00	1.913721e-03	2.130072e+04	1.288260e+02
1.318833e+00	1.913483e-03	2.136277e+04	1.214750e+02
1.316919e+00	1.913363e-03	2.124915e+04	1.221397e+02
1.315006e+00	1.913244e-03	2.092630e+04	1.316918e+02
1.313093e+00	1.913006e-03	2.133428e+04	1.346627e+02
1.311180e+00	1.913006e-03	2.136562e+04	1.254165e+02
1.309267e+00	1.912767e-03	2.114374e+04	1.277851e+02
1.307354e+00	1.912648e-03	2.113366e+04	1.229309e+02
1.305442e+00	1.912529e-03	2.102118e+04	1.159314e+02
1.303529e+00	1.912410e-03	2.113826e+04	1.290955e+02
1.301617e+00	1.912171e-03	2.110213e+04	1.176128e+02
1.299705e+00	1.912052e-03	2.092459e+04	1.214769e+02
1.297793e+00	1.911933e-03	2.108345e+04	1.201133e+02
1.295881e+00	1.911814e-03	2.116084e+04	1.262648e+02
1.293969e+00	1.911695e-03	2.119817e+04	1.195808e+02
1.292058e+00	1.911456e-03	2.102407e+04	1.215935e+02
1.290146e+00	1.911456e-03	2.112247e+04	1.230883e+02
1.288235e+00	1.911218e-03	2.107470e+04	1.206336e+02
1.286324e+00	1.911099e-03	2.087163e+04	1.146864e+02
1.284413e+00	1.910860e-03	2.095636e+04	1.221360e+02
1.282502e+00	1.910860e-03	2.113848e+04	1.242447e+02
1.280591e+00	1.910622e-03	2.122832e+04	1.209398e+02
1.278681e+00	1.910503e-03	2.112707e+04	1.175973e+02
1.276770e+00	1.910383e-03	2.106438e+04	1.280474e+02
1.274860e+00	1.910264e-03	2.087593e+04	1.082340e+02
1.272950e+00	1.910026e-03	2.114289e+04	1.179025e+02
1.271040e+00	1.910026e-03	2.098767e+04	1.265469e+02
1.269130e+00	1.909787e-03	2.109805e+04	1.190448e+02
1.267220e+00	1.909668e-03	2.109786e+04	1.174045e+02
1.265310e+00	1.909549e-03	2.104985e+04	1.231577e+02
1.263401e+00	1.909311e-03	2.107763e+04	1.166778e+02
1.261492e+00	1.909311e-03	2.105857e+04	1.177828e+02
1.259582e+00	1.909072e-03	2.093224e+04	1.190265e+02
1.257673e+00	1.908953e-03	2.104869e+04	1.230448e+02
1.255764e+00	1.908834e-03	2.111450e+04	1.142536e+02
1.253856e+00	1.908595e-03	2.106864e+04	1.119688e+02
1.251947e+00	1.908595e-03	2.129911e+04	1.215443e+02
1.250039e+00	1.908357e-03	2.100522e+04	1.194519e+02
1.248130e+00	1.908238e-03	2.132220e+04	1.127263e+02
1.246222e+00	1.908119e-03	2.115923e+04	1.114166e+02
1.244314e+00	1.907999e-03	2.123083e+04	1.192158e+02
1.242406e+00	1.907761e-03	2.111526e+04	1.209627e+02
1.240499e+00	1.907761e-03	2.107631e+04	1.240732e+02
1.238591e+00	1.907523e-03	2.105060e+04	1.181097e+02
1.236683e+00	1.907403e-03	2.110908e+04	1.163962e+02
1.234776e+00	1.907165e-03	2.128042e+04	1.102381e+02
1.232869e+00	1.907165e-03	2.123848e+04	1.161805e+02
1.230962e+00	1.906927e-03	2.114082e+04	1.223772e+02
1.229055e+00	1.906927e-03	2.113031e+04	1.112078e+02
1.227148e+00	1.906688e-03	2.139963e+04	1.119291e+02
1.225242e+00	1.906569e-03	2.121196e+04	1.153358e+02
1.223335e+00	1.906331e-03	2.145797e+04	1.199718e+02
1.221429e+00	1.906331e-03	2.109120e+04	1.115713e+02
1.219523e+00	1.906092e-03	2.119213e+04	1.151397e+02
1.217617e+00	1.905973e-03	2.151125e+04	1.137845e+02
1.215711e+00	1.905854e-03	2.119623e+04	1.210882e+02
1.213805e+00	1.905735e-03	2.103723e+04	1.163190e+02
1.211899e+00	1.905615e-03	2.112774e+04	1.148081e+02
1.209994e+00	1.905377e-03	2.076560e+04	6.084322e+02
1.208088e+00	1.905258e-03	2.091543e+04	3.229638e+02
1.206183e+00	1.905139e-03	2.137705e+04	1.218133e+02
1.204278e+00	1.905020e-03	2.143206e+04	1.240540e+02
1.202373e+00	1.904900e-03	2.149182e+04	1.215715e+02
1.200468e+00	1.904781e-03	2.131592e+04	1.138362e+02
1.198564e+00	1.904543e-03	2.115287e+04	1.095095e+02
1.196659e+00	1.904424e-03	2.123576e+04	1.142240e+02
1.194755e+00	1.904304e-03	2.125553e+04	1.148422e+02
1.192851e+00	1.904185e-03	2.113906e+04	1.188361e+02
1.190946e+00	1.904066e-03	2.133054e+04	1.126056e+02
1.189042e+00	1.903828e-03	2.136280e+04	1.176795e+02
1.187139e+00	1.903828e-03	2.118281e+04	1.145972e+02
1.185235e+00	1.903589e-03	2.136808e+04	1.100470e+02
1.183331e+00	1.903470e-03	2.168788e+04	1.190085e+02
1.181428e+00	1.903351e-03	2.157072e+04	1.138448e+02
1.179525e+00	1.903112e-03	2.141715e+04	1.145953e+02
1.177622e+00	1.903112e-03	2.138733e+04	1.189527e+02
1.175719e+00	1.902874e-03	2.122684e+04	1.147677e+02
1.173816e+00	1.902755e-03	2.128436e+04	1.087251e+02
1.171913e+00	1.902636e-03	2.133603e+04	1.176499e+02
1.170011e+00	1.902516e-03	2.140323e+04	1.116006e+02
1.168108e+00	1.902397e-03	2.158898e+04	1.219670e+02
1.166206e+00	1.902159e-03	2.129339e+04	1.243500e+02
1.164304e+00	1.902159e-03	2.135215e+04	1.206124e+02
1.162402e+00	1.901920e-03	2.130139e+04	1.190725e+02
1.160500e+00	1.901801e-03	2.129670e+04	1.135061e+02
1.158598e+00	1.901682e-03	2.107458e+04	1.191882e+02
1.156696e+00	1.901444e-03	2.137275e+04	1.131390e+02
1.154795e+00	1.901444e-03	2.143933e+04	1.099413e+02
1.152894e+00	1.901205e-03	2.131057e+04	1.139444e+02
1.150993e+00	1.901086e-03	2.125115e+04	1.272687e+02
1.149092e+00	1.900967e-03	2.135018e+04	1.155227e+02
1.147191e+00	1.900848e-03	2.146386e+04	1.147534e+02
1.145290e+00	1.900728e-03	2.141263e+04	1.198379e+02
1.143389e+00	1.900609e-03	2.138802e+04	1.121513e+02
1.141489e+00	1.900371e-03	2.143625e+04	1.060482e+02
1.139588e+00	1.900252e-03	2.158467e+04	1.169594e+02
1.137688e+00	1.900132e-03	2.138817e+04	1.137902e+02
1.135788e+00	1.900013e-03	2.167544e+04	1.206883e+02
1.133888e+00	1.899894e-03	2.152936e+04	1.202941e+02
1.131988e+00	1.899775e-03	2.142333e+04	1.152907e+02
1.130089e+00	1.899536e-03	2.152058e+04	1.159820e+02
1.128189e+00	1.899417e-03	2.160581e+04	1.209281e+02
1.126290e+00	1.899298e-03	2.135128e+04	1.107075e+02
1.124391e+00	1.899179e-03	2.132559e+04	1.215195e+02
1.122491e+00	1.899060e-03	2.143503e+04	1.162399e+02
1.120592e+00	1.898940e-03	2.141181e+04	1.216919e+02
1.118694e+00	1.898702e-03	2.158256e+04	1.160513e+02
1.116795e+00	1.898702e-03	2.152986e+04	1.102839e+02
1.114896e+00	1.898464e-03	2.132794e+04	1.196771e+02
1.112998e+00	1.898344e-03	2.150436e+04	1.185006e+02
1.111100e+00	1.898225e-03	2.146025e+04	1.187369e+02
1.109201e+00	1.898106e-03	2.128895e+04	1.202916e+02
1.107303e+00	1.897987e-03	2.145827e+04	1.189062e+02
1.105406e+00	1.897748e-03	2.149192e+04	1.309217e+02
1.103508e+00	1.897629e-03	2.140749e+04	1.298465e+02
1.101610e+00	1.897629e-03	2.130011e+04	1.233916e+02
1.099713e+00	1.897391e-03	2.125103e+04	1.256062e+02
1.097815e+00	1.897272e-03	2.118669e+04	1.148441e+02
1.095918e+00	1.897033e-03	2.105446e+04	1.258933e+02
1.094021e+00	1.897033e-03	2.135999e+04	1.252935e+02
1.092124e+00	1.896914e-03	2.120421e+04	1.201515e+02
1.090227e+00	1.896676e-03	2.106455e+04	1.318793e+02
1.088331e+00	1.896556e-03	2.140481e+04	1.211464e+02
1.086434e+00	1.896437e-03	2.131721e+04	1.191977e+02
1.084538e+00	1.896318e-03	2.129920e+04	1.204018e+02
1.082642e+00	1.896199e-03	2.167766e+04	1.228715e+02
1.080746e+00	1.896080e-03	2.132942e+04	1.145300e+02
1.078850e+00	1.895841e-03	2.132145e+04	1.249427e+02
1.076954e+00	1.895841e-03	2.107489e+04	1.225898e+02
1.075058e+00	1.895603e-03	2.105360e+04	1.196998e+02
1.073162e+00	1.895484e-03	2.126433e+04	1.163891e+02
1.071267e+00	1.895364e-03	2.100783e+04	1.261439e+02
1.069372e+00	1.895245e-03	2.117601e+04	1.173380e+02
1.067477e+00	1.895126e-03	2.117336e+04	1.181891e+02
1.065582e+00	1.894888e-03	2.125681e+04	1.214442e+02
1.063687e+00	1.894888e-03	2.092839e+04	1.242782e+02
1.061792e+00	1.894649e-03	2.103591e+04	1.261664e+02
1.059897e+00	1.894649e-03	2.118345e+04	1.178090e+02
1.058003e+00	1.894411e-03	2.126075e+04	1.193272e+02
1.056108e+00	1.894292e-03	2.122213e+04	1.190013e+02
1.054214e+00	1.894053e-03	2.117189e+04	1.204267e+02
1.052320e+00	1.894053e-03	2.118680e+04	1.213753e+02
1.050426e+00	1.893934e-03	2.104311e+04	1.188954e+02
1.048532e+00	1.893696e-03	2.099258e+04	1.196747e+02
1.046639e+00	1.893696e-03	2.099346e+04	1.224408e+02
1.044745e+00	1.893457e-03	2.131914e+04	1.271203e+02
1.042852e+00	1.893338e-03	2.086845e+04	1.235830e+02
1.040958e+00	1.893219e-03	2.116815e+04	1.240458e+02
1.039065e+00	1.893100e-03	2.108969e+04	1.166668e+02
1.037172e+00	1.892981e-03	2.121062e+04	1.253903e+02
1.035279e+00	1.892742e-03	2.114747e+04	1.251658e+02
1.033387e+00	1.892742e-03	2.124112e+04	1.291619e+02
1.031494e+00	1.892504e-03	2.135603e+04	1.268744e+02
1.029601e+00	1.892504e-03	2.124669e+04	1.190751e+02
1.027709e+00	1.892265e-03	2.089780e+04	5.970099e+02
1.025817e+00	1.892146e-03	2.091550e+04	3.159441e+02
1.023925e+00	1.892027e-03	2.131202e+04	1.283486e+02
1.022033e+00	1.891908e-03	2.108108e+04	1.236380e+02
1.020141e+00	1.891669e-03	2.104387e+04	1.250602e+02
1.018249e+00	1.891669e-03	2.099873e+04	1.282806e+02
1.016358e+00	1.891550e-03	2.122491e+04	1.252902e+02
1.014466e+00	1.891312e-03	2.138711e+04	1.294894e+02
1.012575e+00	1.891193e-03	2.099199e+04	1.288584e+02
1.010684e+00	1.891193e-03	2.102639e+04	1.286414e+02
1.008793e+00	1.890954e-03	2.153547e+04	1.379935e+02
1.006902e+00	1.890835e-03	2.122752e+04	1.291041e+02
1.005011e+00	1.890716e-03	2.109790e+04	1.364572e+02
1.003121e+00	1.890477e-03	2.108157e+04	1.417865e+02
1.001230e+00	1.890477e-03	2.126204e+04	1.422124e+02
9.993397e-01	1.890299e-03	2.127293e+04	1.290596e+02
9.974494e-01	1.890179e-03	2.124707e+04	1.273421e+02
9.955593e-01	1.890060e-03	2.102407e+04	1.341845e+02
9.936693e-01	1.889941e-03	2.113722e+04	1.309108e+02
9.917795e-01	1.889762e-03	2.128428e+04	1.326686e+02
9.898898e-01	1.889643e-03	2.114177e+04	1.393203e+02
9.880002e-01	1.889583e-03	2.077097e+04	1.302465e+02
9.861107e-01	1.889345e-03	2.096301e+04	1.314133e+02
9.842214e-01	1.889285e-03	2.066275e+04	2.394213e+02
9.823322e-01	1.889107e-03	2.108861e+04	4.225688e+02
9.804431e-01	1.889047e-03	2.100100e+04	1.346012e+02
9.785541e-01	1.888868e-03	2.090544e+04	1.342545e+02
9.766653e-01	1.888749e-03	2.106574e+04	1.299709e+02
9.747767e-01	1.888630e-03	2.118377e+04	1.356162e+02
9.728881e-01	1.888451e-03	2.114432e+04	1.344091e+02
9.709997e-01	1.888391e-03	2.119475e+04	1.395329e+02
9.691114e-01	1.888213e-03	2.134016e+04	1.355815e+02
9.672232e-01	1.888093e-03	2.129938e+04	1.251273e+02
9.653352e-01	1.887974e-03	2.128155e+04	1.419199e+02
9.634473e-01	1.887855e-03	2.135149e+04	1.399526e+02
9.615595e-01	1.887736e-03	2.125705e+04	1.332396e+02
9.596718e-01	1.887557e-03	2.146787e+04	1.345900e+02
9.577843e-01	1.887438e-03	2.142546e+04	1.431443e+02
9.558969e-01	1.887378e-03	2.141515e+04	1.414745e+02
9.540097e-01	1.887199e-03	2.121969e+04	1.378808e+02
9.521225e-01	1.887021e-03	2.142446e+04	1.472107e+02
9.502355e-01	1.886961e-03	2.126999e+04	1.528609e+02
9.483486e-01	1.886842e-03	2.165678e+04	1.383539e+02
9.464619e-01	1.886663e-03	2.159223e+04	1.428471e+02
9.445753e-01	1.886603e-03	2.173727e+04	1.473881e+02
9.422172e-01	2.829577e-03	2.041318e+04	7.851290e+02
9.393877e-01	2.829339e-03	2.113769e+04	1.184112e+02
9.365585e-01	2.829041e-03	2.167971e+04	1.171714e+02
9.337296e-01	2.828743e-03	2.126817e+04	1.228989e+02
9.309010e-01	2.828445e-03	2.133694e+04	1.249157e+02
9.280727e-01	2.828207e-03	2.147723e+04	1.252242e+02
9.252447e-01	2.827849e-03	2.157566e+04	1.245124e+02
9.224169e-01	2.827670e-03	2.146997e+04	1.286274e+02
9.195894e-01	2.827313e-03	2.130973e+04	1.210795e+02
9.167623e-01	2.827015e-03	2.148397e+04	1.223825e+02
9.139354e-01	2.826776e-03	2.122762e+04	1.180400e+02
9.111087e-01	2.826478e-03	2.135677e+04	1.249815e+02
9.082824e-01	2.826240e-03	2.134814e+04	1.254548e+02
9.054563e-01	2.825882e-03	2.119138e+04	1.301143e+02
9.026305e-01	2.825703e-03	2.156907e+04	1.892063e+02
8.998050e-01	2.825346e-03	2.180592e+04	3.452207e+02
8.969798e-01	2.825107e-03	2.138505e+04	1.328686e+02
8.941548e-01	2.824809e-03	2.129607e+04	1.321825e+02
8.913302e-01	2.824511e-03	2.145510e+04	1.376647e+02
8.885058e-01	2.824273e-03	2.140455e+04	1.330332e+02
8.856816e-01	2.823975e-03	2.137894e+04	1.311418e+02
8.828578e-01	2.823677e-03	2.137808e+04	1.321257e+02
8.800343e-01	2.823439e-03	2.121480e+04	1.306044e+02
8.772110e-01	2.823141e-03	2.107010e+04	1.347796e+02
8.743880e-01	2.822902e-03	2.111414e+04	1.428099e+02
8.715652e-01	2.822604e-03	2.130127e+04	1.357169e+02
8.687427e-01	2.822306e-03	2.137580e+04	1.367928e+02
8.659206e-01	2.822068e-03	2.082268e+04	1.423899e+02
8.630986e-01	2.821770e-03	2.139495e+04	1.409136e+02
8.602770e-01	2.821532e-03	2.109402e+04	1.368638e+02
8.574556e-01	2.821234e-03	2.120448e+04	1.460828e+02
8.546345e-01	2.820995e-03	2.119972e+04	1.468222e+02
8.518136e-01	2.820697e-03	2.115214e+04	1.411518e+02
8.489931e-01	2.820399e-03	2.111377e+04	2.302059e+02
8.461728e-01	2.820161e-03	2.049815e+04	5.583363e+02
8.433528e-01	2.819922e-03	2.134805e+04	1.751478e+02
8.400631e-01	3.759440e-03	2.102500e+04	5.320014e+02
