# wavelength  transit_depth  transit_depth_uncertainty
5.314609e-01	2.126564e-02	1.996055e-04
5.391212e-01	2.139270e-02	1.881124e-04
5.454837e-01	2.125923e-02	1.552259e-04
5.504152e-01	2.146900e-02	1.929228e-04
5.537641e-01	2.140356e-02	1.750301e-04
5.571745e-01	2.102681e-02	1.617129e-04
5.606591e-01	2.126036e-02	1.523096e-04
5.641997e-01	2.125326e-02	1.460561e-04
5.677970e-01	2.171319e-02	1.378861e-04
5.714733e-01	2.135864e-02	1.297231e-04
5.752244e-01	2.132574e-02	1.229660e-04
5.790371e-01	2.115130e-02	1.162571e-04
5.829161e-01	2.146146e-02	1.127973e-04
5.868808e-01	2.144670e-02	1.097668e-04
5.909325e-01	2.192171e-02	1.075700e-04
5.950570e-01	2.152420e-02	8.319433e-05
5.992620e-01	2.157461e-02	9.922975e-05
6.035500e-01	2.140195e-02	9.823054e-05
6.079242e-01	2.123547e-02	9.402861e-05
6.123921e-01	2.113426e-02	9.189444e-05
6.169594e-01	2.113132e-02	9.165396e-05
6.216234e-01	2.115456e-02	8.852258e-05
6.263856e-01	2.119918e-02	8.579976e-05
6.312501e-01	2.119629e-02	8.342526e-05
6.362201e-01	2.106633e-02	8.111069e-05
6.412992e-01	2.087575e-02	7.897352e-05
6.464908e-01	2.096878e-02	7.682713e-05
6.517986e-01	2.088090e-02	7.464151e-05
6.572249e-01	2.101182e-02	7.257304e-05
6.627813e-01	2.105234e-02	7.209637e-05
6.684718e-01	2.086339e-02	6.661067e-05
6.742926e-01	2.098336e-02	6.919580e-05
6.802491e-01	2.091400e-02	6.982283e-05
6.863419e-01	2.108245e-02	6.042320e-05
6.925838e-01	2.103441e-02	7.083540e-05
6.989864e-01	2.093834e-02	6.828228e-05
7.055415e-01	2.125707e-02	6.945343e-05
7.122532e-01	2.093278e-02	6.625022e-05
7.191423e-01	2.092336e-02	6.280438e-05
7.261967e-01	2.098572e-02	6.656042e-05
7.408594e-01	2.079856e-02	1.174582e-04
7.643032e-01	2.091950e-02	9.394561e-05
7.896496e-01	2.091335e-02	7.818591e-05
8.170906e-01	2.091418e-02	8.481503e-05
8.468056e-01	2.072400e-02	1.026693e-04
8.789909e-01	2.069746e-02	5.779341e-05
9.138342e-01	2.081943e-02	5.520204e-05
9.514905e-01	2.109777e-02	1.135978e-04
9.920743e-01	2.077944e-02	4.923276e-05
1.035644e+00	2.082573e-02	9.062336e-05
1.082167e+00	2.089936e-02	1.265197e-04
1.131535e+00	2.109131e-02	8.977848e-05
1.183535e+00	2.106652e-02	4.421594e-05
1.237867e+00	2.104664e-02	4.536169e-05
1.294163e+00	2.115232e-02	7.301092e-05
1.352017e+00	2.131603e-02	1.323384e-04
1.411008e+00	2.139587e-02	7.810525e-05
1.470734e+00	2.138767e-02	8.581166e-05
1.520801e+00	2.118716e-02	7.599200e-05
1.560912e+00	2.095567e-02	8.101031e-05
1.600984e+00	2.106781e-02	6.643753e-05
1.640944e+00	2.058477e-02	5.969699e-05
1.680729e+00	2.075552e-02	6.508117e-05
1.720287e+00	2.091352e-02	7.957981e-05
1.759574e+00	2.111342e-02	7.535600e-05
1.798554e+00	2.118415e-02	5.905692e-05
1.837199e+00	2.130933e-02	5.070056e-05
1.875487e+00	2.137093e-02	4.852289e-05
1.913400e+00	2.155210e-02	3.977356e-05
1.950927e+00	2.135328e-02	4.602538e-05
1.988057e+00	2.116295e-02	4.728270e-05
2.024787e+00	2.087765e-02	4.641985e-05
2.061111e+00	2.116320e-02	4.807588e-05
2.097032e+00	2.088088e-02	4.023156e-05
2.132549e+00	2.095806e-02	4.101750e-05
2.167665e+00	2.090672e-02	5.896029e-05
2.202384e+00	2.078324e-02	5.137107e-05
2.236712e+00	2.079612e-02	4.818912e-05
2.270654e+00	2.079965e-02	5.137353e-05
2.304215e+00	2.086424e-02	5.047130e-05
2.337403e+00	2.102398e-02	4.864854e-05
2.370225e+00	2.122050e-02	4.972485e-05
2.402687e+00	2.111075e-02	5.117700e-05
2.434798e+00	2.125685e-02	5.045067e-05
2.466562e+00	2.132211e-02	5.117302e-05
2.497991e+00	2.148450e-02	5.458728e-05
2.529090e+00	2.143515e-02	5.787264e-05
2.559866e+00	2.172240e-02	5.877361e-05
2.590327e+00	2.163217e-02	5.867548e-05
2.620479e+00	2.165375e-02	5.789597e-05
2.650331e+00	2.189848e-02	5.830273e-05
2.679888e+00	2.180539e-02	5.910138e-05
2.709157e+00	2.199409e-02	6.016029e-05
2.738145e+00	2.184024e-02	6.268885e-05
2.766858e+00	2.181893e-02	6.308124e-05
2.795304e+00	2.186369e-02	6.581724e-05
2.823486e+00	2.211097e-02	6.685530e-05
2.851412e+00	2.196923e-02	6.835894e-05
2.879088e+00	2.190549e-02	7.020746e-05
2.906517e+00	2.186497e-02	7.209655e-05
2.933708e+00	2.173684e-02	7.313506e-05
2.960663e+00	2.167061e-02	7.547025e-05
2.987388e+00	2.165045e-02	7.347860e-05
3.013890e+00	2.161362e-02	7.624720e-05
3.040171e+00	2.170131e-02	7.598603e-05
3.066237e+00	2.155811e-02	7.636504e-05
3.092092e+00	2.157052e-02	7.793031e-05
3.117741e+00	2.132463e-02	7.844801e-05
3.143188e+00	2.144426e-02	8.235316e-05
3.168437e+00	2.141700e-02	8.196132e-05
3.193492e+00	2.137729e-02	8.312687e-05
3.218357e+00	2.145989e-02	8.339298e-05
3.243035e+00	2.123458e-02	8.588384e-05
3.267531e+00	2.118677e-02	8.523464e-05
3.291848e+00	2.109639e-02	8.672166e-05
3.315989e+00	2.119476e-02	8.873627e-05
3.339958e+00	2.113489e-02	9.003231e-05
3.363757e+00	2.135105e-02	9.248546e-05
3.387390e+00	2.129589e-02	9.213551e-05
3.410861e+00	2.117629e-02	9.464393e-05
3.434171e+00	2.125914e-02	9.543886e-05
3.457324e+00	2.115714e-02	9.535127e-05
3.480324e+00	2.125231e-02	9.819015e-05
3.503171e+00	2.111633e-02	9.807497e-05
3.525870e+00	2.123372e-02	9.996750e-05
3.548422e+00	2.114035e-02	1.007176e-04
3.570831e+00	2.117923e-02	1.025091e-04
3.593098e+00	2.135870e-02	1.036661e-04
3.615227e+00	2.104060e-02	1.047606e-04
3.637218e+00	2.126105e-02	1.061202e-04
3.659076e+00	2.112821e-02	1.067340e-04
3.680800e+00	2.128616e-02	1.124340e-04
3.702395e+00	2.091926e-02	1.122313e-04
3.723863e+00	2.106961e-02	1.127427e-04
3.745204e+00	2.109215e-02	1.136002e-04
3.766421e+00	2.108076e-02	1.165020e-04
3.787516e+00	2.080710e-02	1.160684e-04
3.808491e+00	2.118998e-02	1.178479e-04
3.829349e+00	2.108844e-02	1.221249e-04
3.850089e+00	2.103114e-02	1.222854e-04
3.870714e+00	2.098716e-02	1.246928e-04
3.891226e+00	2.094946e-02	1.250871e-04
3.911628e+00	2.094786e-02	1.281309e-04
3.931919e+00	2.108165e-02	1.295884e-04
3.952102e+00	2.100650e-02	1.339389e-04
3.972179e+00	2.108798e-02	1.310529e-04
3.992150e+00	2.130183e-02	1.320390e-04
4.012018e+00	2.141889e-02	1.358954e-04
4.031784e+00	2.141188e-02	1.360468e-04
4.051449e+00	2.136954e-02	1.357557e-04
4.071015e+00	2.115511e-02	1.380161e-04
4.090483e+00	2.119904e-02	1.412608e-04
4.109854e+00	2.082951e-02	1.457226e-04
4.129129e+00	2.103130e-02	1.435724e-04
4.148310e+00	2.112229e-02	1.440716e-04
4.167399e+00	2.138699e-02	1.457227e-04
4.186396e+00	2.128141e-02	1.467138e-04
4.205302e+00	2.153329e-02	1.505776e-04
4.224120e+00	2.185014e-02	1.503513e-04
4.242848e+00	2.192668e-02	1.518180e-04
4.261490e+00	2.237472e-02	1.535384e-04
4.280046e+00	2.249009e-02	1.545699e-04
4.298516e+00	2.248149e-02	1.562246e-04
4.316903e+00	2.255336e-02	1.592792e-04
4.335208e+00	2.254165e-02	1.602395e-04
4.353430e+00	2.276300e-02	1.642042e-04
4.371571e+00	2.265570e-02	1.681702e-04
4.389633e+00	2.267348e-02	1.690280e-04
4.407615e+00	2.267390e-02	1.726441e-04
4.425519e+00	2.273888e-02	1.731313e-04
4.443347e+00	2.239320e-02	1.752408e-04
4.461098e+00	2.180902e-02	1.746766e-04
4.478774e+00	2.222391e-02	1.782772e-04
4.496375e+00	2.226442e-02	1.787341e-04
4.513903e+00	2.179915e-02	1.814124e-04
4.531357e+00	2.157679e-02	1.839192e-04
4.548740e+00	2.199387e-02	1.889229e-04
4.566051e+00	2.173394e-02	1.900202e-04
4.587592e+00	2.165418e-02	1.575191e-04
4.613298e+00	2.156994e-02	1.625513e-04
4.638849e+00	2.149322e-02	1.604104e-04
4.664250e+00	2.146930e-02	1.620021e-04
4.689501e+00	2.159919e-02	1.644426e-04
4.714606e+00	2.176042e-02	1.682559e-04
4.739566e+00	2.164132e-02	1.723360e-04
4.764384e+00	2.166880e-02	1.699275e-04
4.789063e+00	2.165304e-02	1.702489e-04
4.813603e+00	2.165253e-02	1.778048e-04
4.838007e+00	2.147237e-02	1.854192e-04
4.862278e+00	2.154932e-02	1.826535e-04
4.886417e+00	2.144176e-02	1.809505e-04
4.910426e+00	2.130381e-02	1.891765e-04
4.934307e+00	2.147958e-02	1.907842e-04
4.958061e+00	2.158492e-02	1.919651e-04
4.981691e+00	2.146840e-02	1.920798e-04
5.005198e+00	2.131095e-02	1.984565e-04
5.032470e+00	2.112562e-02	1.735675e-04
5.063439e+00	2.153143e-02	1.771803e-04
5.094201e+00	2.128886e-02	1.880071e-04
5.124758e+00	2.133040e-02	1.848489e-04
5.155114e+00	2.147099e-02	1.900259e-04
5.185273e+00	2.125171e-02	1.945398e-04
5.215237e+00	2.128872e-02	1.909611e-04
5.245011e+00	2.151435e-02	1.983442e-04
5.274598e+00	2.145262e-02	1.981638e-04
5.307662e+00	2.123778e-02	1.845100e-04
5.344132e+00	2.116736e-02	2.096310e-04
